221116770975298.8
221117065719588.3
221116860141369.78
221116673091761.97
221117070973097.88
221117002302919.88
221116679054121.6
221116759573778.62
29666508709048.773
29666556197901.094
29666519863808.184
29666493873796.61
29666508709048.773
29666546046782.707
29666493850148.953
29666507089557.773
3446173386781.4033
3446179573161.986
3446174442370.4927
3446171564023.3784
3446173386781.4033
3446178307122.7847
3446171433165.632
3446173180215.558
767426056726.5771
767427590379.1104
767426260917.4285
767425620481.6207
767426056726.5771
767427219902.1816
767425667957.5637
767426037760.7395
39563439523.56624
39563568780.979706
39563449278.858
39563404526.92444
39563439523.56624
39563539846.87299
39563407189.20516
39563437922.57669
11547014237.110283
11547057291.22947
11547017735.593552
11547002692.667303
11547014237.110283
11547046939.349205
11547005300.592249
11547014035.156685
12979681722.540306
7255079576.888391
7255102868.835771
7255082510.718324
7255073282.778837
7255079576.888391
7255096961.434921
7255075655.915563
7255079560.604309
3846193356.0218787
3846197299.588931
3846194613.6891003
3846192255.523115
3846193356.0218787
3846196447.8823233
3846193006.468358
3846193404.167012
3632630037.8862414
3632621068.2042956
3632626626.408519
3632632559.8694463
3632630037.8862414
3632623664.0149174
3632631455.451746
3632630092.1335087
1789487616.9993484
1789488078.5189414
1789488052.8876739
1789487534.5441506
1789487616.9993484
1789488298.4217968
1789487346.9179223
1789487630.1560657
1972982058.222089
1625326082.2256207
1625325784.019527
1625326152.5688303
1625326188.3943622
1625326082.2256207
1625326118.4195025
1625326080.6131847
1625326104.321938
1523801502.9840121
1523799967.674235
1523800301.4154193
1523801975.823594
1523801502.9840121
1523800585.5268614
1523801731.0352874
1523801527.4407437
1419618852.229787
1419618690.0619926
1419618762.8557982
1419618915.7424893
1419618852.229787
1419618961.1178834
1419618836.7460675
1419618870.5619118
1603140476.7858555
1402212881.1802208
1402212279.891178
1402212176.4935825
1402213076.7206602
1402212881.1802208
1402212644.7501574
1402212956.1194088
1402212900.3647585
1386125130.5633523
1386124993.2002687
1386124930.2771046
1386125182.1854486
1386125130.5633523
1386125241.8295057
1386125125.4581308
1386125147.9000812
1380056831.7532017
1380056828.1202633
1380056815.9598215
1380056834.4355295
1380056831.7532017
1380057029.2810745
1380056829.9197073
1380056849.642845
1375063655.7287257
1375063645.9198608
1375063648.6514094
1375063659.915419
1375063655.7287257
1375063848.685442
1375063657.6097589
1375063673.8372707
1366746695.7706513
1366746694.9409845
1366746690.62948
1366746696.788747
1366746695.7706513
1366746896.4651623
1366746697.4758363
1366746713.7141745
1352644244.8514524
1352644192.5978007
1352644193.7282515
1352644262.0426188
1352644244.8514524
1352644414.183813
1352644256.7045343
1352644263.177656
1334027554.2018626
1334027487.0524912
1334027489.1539779
1334027576.0469446
1334027554.2018626
1334027725.147173
1334027570.2866285
1334027572.8615472
1327414599.2166038
1327414449.8489046
1327414474.5407495
1327414647.431671
1327414599.2166038
1327414726.1746116
1327414627.8513105
1327414618.9925866
1322526098.341405
1322526064.6426327
1322526071.5868294
1322526111.0587914
1322526098.341405
1322526321.6364286
1322526107.835602
1322526118.243838
1512179852.3493624
1309300266.1208289
1309299718.6626546
1309299899.353057
1309300436.0793645
1309300266.1208289
1309300148.0992851
1309300363.183778
1309300289.538587
1305662215.3626626
1305662172.4595044
1305662172.7176387
1305662232.2340446
1305662215.3626626
1305662471.1379848
1305662224.919029
1305662236.9932663
1300001964.946488
1300000644.7503276
1300001294.966053
1300002367.2122211
1300001964.946488
1300001333.1883469
1300002183.506512
1300001992.6931274
1284460222.780798
1284460121.2731676
1284460147.8898003
1284460262.4595416
1284460222.780798
1284460489.7402546
1284460228.5582144
1284460246.294188
1268888284.33253
1268887300.3365762
1268887880.2870371
1268888584.027963
1268888284.33253
1268887942.143899
1268888444.7016842
1268888312.7911725
1262444820.0235322
1262444725.3323064
1262444765.514112
1262444858.9043164
1262444820.0235322
1262445130.561385
1262444825.7567046
1262444845.4844735
1531791939.4322474
1256990089.288921
1256988054.1831067
1256989457.3999925
1256990687.7653944
1256990089.288921
1256989048.5809388
1256990414.5480084
1256990123.0328426
1235445376.8333204
1235445234.1069713
1235445301.3891213
1235445433.1587973
1235445376.8333204
1235445719.0584993
1235445373.5863137
1235445404.3850467
1243630342.4295406
1223207423.2644575
1223206527.0614023
1223207197.1784804
1223207692.8452346
1223207423.2644575
1223207234.4175012
1223207564.4897664
1223207455.5045426
1219805820.706565
1219805741.4998562
1219805797.2538316
1219805859.09208
1219805820.706565
1219806226.7744772
1219805821.306923
1219805850.3280258
1205367403.3146727
1205365994.3232994
1205367100.660107
1205367805.7241616
1205367403.3146727
1205366891.326365
1205367633.1045794
1205367439.2174287
1198698709.556121
1198698571.8682609
1198698662.0781865
1198698759.4228718
1198698709.556121
1198699121.7521086
1198698720.833561
1198698741.4747288
1325493481.1275933
1190522320.569025
1190521302.9664567
1190522144.562505
1190522613.1802363
1190522320.569025
1190522121.2667296
1190522485.0892334
1190522357.2144992
1187438478.846021
1187438391.6913264
1187438459.6323051
1187438517.1850452
1187438478.846021
1187438954.3111577
1187438484.4214008
1187438512.6106148
1195114256.7272944
1182152571.8150973
1182152450.9123175
1182152550.451763
1182152614.2701418
1182152571.8150973
1182153027.1986508
1182152599.9679332
1182152606.9472754
1175177046.3202837
1175176191.7647626
1175176924.56122
1175177285.9577992
1175177046.3202837
1175177009.0819986
1175177186.8518848
1175177085.0100431
1173114947.5291548
1173114927.721346
1173114939.5224574
1173114963.7426586
1173114947.5291548
1173115514.413449
1173114946.5375311
1173114983.687064
1250618754.4792638
1168948883.7228642
1168948448.0527215
1168948828.8959289
1168949011.8302643
1168948883.7228642
1168949172.0062404
1168948950.172333
1168948922.37636
1163620091.4904435
1163619223.9724545
1163619995.1756706
1163620326.2894747
1163620091.4904435
1163620104.7764199
1163620228.2875855
1163620133.252748
1161787000.2002134
1161787005.288201
1161786995.1255307
1161787007.6232734
1161787000.2002134
1161787644.3848279
1161786989.5497286
1161787039.337862
1226198853.4581459
1159345249.162304
1159344862.8026624
1159345210.691845
1159345357.5030415
1159345249.162304
1159345629.352842
1159345307.67689
1159345290.9562602
1157366841.1326067
1157365946.4498074
1157366764.7637398
1157367074.4013846
1157366841.1326067
1157366893.708151
1157366978.1065905
1157366886.2883008
1155163775.0849917
1155163664.9804757
1155163766.354963
1155163807.225906
1155163775.0849917
1155164398.6009665
1155163792.7048662
1155163819.1336572
1177255051.578225
1154422347.519813
1154421965.3592668
1154422319.397419
1154422445.3396323
1154422347.519813
1154422800.9880283
1154422406.4123142
1154422393.6684194
1153974424.2227244
1153974319.9152381
1153974417.369424
1153974451.690065
1153974424.2227244
1153975088.685493
1153974440.1820593
1153974470.525631
1154033686.9708817
1153941420.4013498
1153941307.1789541
1153941413.0367982
1153941448.3765757
1153941420.4013498
1153942092.4913378
1153941437.2570024
1153941467.5579488
1153928858.9063153
1153928797.7107513
1153928854.2871284
1153928874.211343
1153928858.9063153
1153929558.4248443
1153928868.2137287
1153928905.3092065
1153972851.794638
1153910559.0847163
1153910549.9685035
1153910558.6708188
1153910561.8438575
1153910559.0847163
1153911299.1029382
1153910560.4218686
1153910605.625306
1153909679.332146
1153909674.0587533
1153909678.9506326
1153909680.4789615
1153909679.332146
1153910425.2303486
1153909680.236377
1153909726.0525444
1153908566.55805
1153908566.3673253
1153908566.5545125
1153908566.6241453
1153908566.55805
1153909315.3714156
1153908566.5242882
1153908613.2149422
1153908851.6930118
1153908300.9426796
1153908300.9263656
1153908300.9175665
1153908300.9303613
1153908300.9426796
1153909049.337938
1153908301.0031502
1153908347.5693457
1153908283.3700435
1153908283.2661557
1153908283.3549929
1153908283.485241
1153908283.3700435
1153909031.0964422
1153908283.3768501
1153908329.955838
1153908254.4869688
1153908254.6369226
1153908254.4828804
1153908254.5033598
1153908254.4869688
1153909002.4634364
1153908254.5096602
1153908301.0793123
1153908233.503424
1153908233.6369836
1153908233.5087578
1153908233.523984
1153908233.503424
1153908981.660647
1153908233.5132794
1153908280.1079261
1153908241.9383535
1153908233.0755665
1153908233.21996
1153908233.0740986
1153908233.0795672
1153908233.0755665
1153908981.2825742
1153908233.0847476
1153908279.6821423
221116770975298.8
221117065719588.3
221116860141369.78
221116673091761.97
221117070973097.88
221117002302919.88
221116679054121.6
221116759573778.62
29666508709048.773
29666556197901.094
29666519863808.184
29666493873796.61
29666508709048.773
29666546046782.707
29666493850148.953
29666507089557.773
3446173386781.4033
3446179573161.986
3446174442370.4927
3446171564023.3784
3446173386781.4033
3446178307122.7847
3446171433165.632
3446173180215.558
767426056726.5771
767427590379.1104
767426260917.4285
767425620481.6207
767426056726.5771
767427219902.1816
767425667957.5637
767426037760.7395
39563439523.56624
39563568780.979706
39563449278.858
39563404526.92444
39563439523.56624
39563539846.87299
39563407189.20516
39563437922.57669
11547014237.110283
11547057291.22947
11547017735.593552
11547002692.667303
11547014237.110283
11547046939.349205
11547005300.592249
11547014035.156685
12979681722.540306
7255079576.888391
7255102868.835771
7255082510.718324
7255073282.778837
7255079576.888391
7255096961.434921
7255075655.915563
7255079560.604309
3846193356.0218787
3846197299.588931
3846194613.6891003
3846192255.523115
3846193356.0218787
3846196447.8823233
3846193006.468358
3846193404.167012
3632630037.8862414
3632621068.2042956
3632626626.408519
3632632559.8694463
3632630037.8862414
3632623664.0149174
3632631455.451746
3632630092.1335087
1789487616.9993484
1789488078.5189414
1789488052.8876739
1789487534.5441506
1789487616.9993484
1789488298.4217968
1789487346.9179223
1789487630.1560657
1972982058.222089
1625326082.2256207
1625325784.019527
1625326152.5688303
1625326188.3943622
1625326082.2256207
1625326118.4195025
1625326080.6131847
1625326104.321938
1523801502.9840121
1523799967.674235
1523800301.4154193
1523801975.823594
1523801502.9840121
1523800585.5268614
1523801731.0352874
1523801527.4407437
1419618852.229787
1419618690.0619926
1419618762.8557982
1419618915.7424893
1419618852.229787
1419618961.1178834
1419618836.7460675
1419618870.5619118
1603140476.7858555
1402212881.1802208
1402212279.891178
1402212176.4935825
1402213076.7206602
1402212881.1802208
1402212644.7501574
1402212956.1194088
1402212900.3647585
1386125130.5633523
1386124993.2002687
1386124930.2771046
1386125182.1854486
1386125130.5633523
1386125241.8295057
1386125125.4581308
1386125147.9000812
1380056831.7532017
1380056828.1202633
1380056815.9598215
1380056834.4355295
1380056831.7532017
1380057029.2810745
1380056829.9197073
1380056849.642845
1375063655.7287257
1375063645.9198608
1375063648.6514094
1375063659.915419
1375063655.7287257
1375063848.685442
1375063657.6097589
1375063673.8372707
1366746695.7706513
1366746694.9409845
1366746690.62948
1366746696.788747
1366746695.7706513
1366746896.4651623
1366746697.4758363
1366746713.7141745
1352644244.8514524
1352644192.5978007
1352644193.7282515
1352644262.0426188
1352644244.8514524
1352644414.183813
1352644256.7045343
1352644263.177656
1334027554.2018626
1334027487.0524912
1334027489.1539779
1334027576.0469446
1334027554.2018626
1334027725.147173
1334027570.2866285
1334027572.8615472
1327414599.2166038
1327414449.8489046
1327414474.5407495
1327414647.431671
1327414599.2166038
1327414726.1746116
1327414627.8513105
1327414618.9925866
1322526098.341405
1322526064.6426327
1322526071.5868294
1322526111.0587914
1322526098.341405
1322526321.6364286
1322526107.835602
1322526118.243838
1512179852.3493624
1309300266.1208289
1309299718.6626546
1309299899.353057
1309300436.0793645
1309300266.1208289
1309300148.0992851
1309300363.183778
1309300289.538587
1305662215.3626626
1305662172.4595044
1305662172.7176387
1305662232.2340446
1305662215.3626626
1305662471.1379848
1305662224.919029
1305662236.9932663
1300001964.946488
1300000644.7503276
1300001294.966053
1300002367.2122211
1300001964.946488
1300001333.1883469
1300002183.506512
1300001992.6931274
1284460222.780798
1284460121.2731676
1284460147.8898003
1284460262.4595416
1284460222.780798
1284460489.7402546
1284460228.5582144
1284460246.294188
1268888284.33253
1268887300.3365762
1268887880.2870371
1268888584.027963
1268888284.33253
1268887942.143899
1268888444.7016842
1268888312.7911725
1262444820.0235322
1262444725.3323064
1262444765.514112
1262444858.9043164
1262444820.0235322
1262445130.561385
1262444825.7567046
1262444845.4844735
1531791939.4322474
1256990089.288921
1256988054.1831067
1256989457.3999925
1256990687.7653944
1256990089.288921
1256989048.5809388
1256990414.5480084
1256990123.0328426
1235445376.8333204
1235445234.1069713
1235445301.3891213
1235445433.1587973
1235445376.8333204
1235445719.0584993
1235445373.5863137
1235445404.3850467
1243630342.4295406
1223207423.2644575
1223206527.0614023
1223207197.1784804
1223207692.8452346
1223207423.2644575
1223207234.4175012
1223207564.4897664
1223207455.5045426
1219805820.706565
1219805741.4998562
1219805797.2538316
1219805859.09208
1219805820.706565
1219806226.7744772
1219805821.306923
1219805850.3280258
1205367403.3146727
1205365994.3232994
1205367100.660107
1205367805.7241616
1205367403.3146727
1205366891.326365
1205367633.1045794
1205367439.2174287
1198698709.556121
1198698571.8682609
1198698662.0781865
1198698759.4228718
1198698709.556121
1198699121.7521086
1198698720.833561
1198698741.4747288
1325493481.1275933
1190522320.569025
1190521302.9664567
1190522144.562505
1190522613.1802363
1190522320.569025
1190522121.2667296
1190522485.0892334
1190522357.2144992
1187438478.846021
1187438391.6913264
1187438459.6323051
1187438517.1850452
1187438478.846021
1187438954.3111577
1187438484.4214008
1187438512.6106148
1195114256.7272944
1182152571.8150973
1182152450.9123175
1182152550.451763
1182152614.2701418
1182152571.8150973
1182153027.1986508
1182152599.9679332
1182152606.9472754
1175177046.3202837
1175176191.7647626
1175176924.56122
1175177285.9577992
1175177046.3202837
1175177009.0819986
1175177186.8518848
1175177085.0100431
1173114947.5291548
1173114927.721346
1173114939.5224574
1173114963.7426586
1173114947.5291548
1173115514.413449
1173114946.5375311
1173114983.687064
1250618754.4792638
1168948883.7228642
1168948448.0527215
1168948828.8959289
1168949011.8302643
1168948883.7228642
1168949172.0062404
1168948950.172333
1168948922.37636
1163620091.4904435
1163619223.9724545
1163619995.1756706
1163620326.2894747
1163620091.4904435
1163620104.7764199
1163620228.2875855
1163620133.252748
1161787000.2002134
1161787005.288201
1161786995.1255307
1161787007.6232734
1161787000.2002134
1161787644.3848279
1161786989.5497286
1161787039.337862
1226198853.4581459
1159345249.162304
1159344862.8026624
1159345210.691845
1159345357.5030415
1159345249.162304
1159345629.352842
1159345307.67689
1159345290.9562602
1157366841.1326067
1157365946.4498074
1157366764.7637398
1157367074.4013846
1157366841.1326067
1157366893.708151
1157366978.1065905
1157366886.2883008
1155163775.0849917
1155163664.9804757
1155163766.354963
1155163807.225906
1155163775.0849917
1155164398.6009665
1155163792.7048662
1155163819.1336572
1177255051.578225
1154422347.519813
1154421965.3592668
1154422319.397419
1154422445.3396323
1154422347.519813
1154422800.9880283
1154422406.4123142
1154422393.6684194
1153974424.2227244
1153974319.9152381
1153974417.369424
1153974451.690065
1153974424.2227244
1153975088.685493
1153974440.1820593
1153974470.525631
1154033686.9708817
1153941420.4013498
1153941307.1789541
1153941413.0367982
1153941448.3765757
1153941420.4013498
1153942092.4913378
1153941437.2570024
1153941467.5579488
1153928858.9063153
1153928797.7107513
1153928854.2871284
1153928874.211343
1153928858.9063153
1153929558.4248443
1153928868.2137287
1153928905.3092065
1153972851.794638
1153910559.0847163
1153910549.9685035
1153910558.6708188
1153910561.8438575
1153910559.0847163
1153911299.1029382
1153910560.4218686
1153910605.625306
1153909679.332146
1153909674.0587533
1153909678.9506326
1153909680.4789615
1153909679.332146
1153910425.2303486
1153909680.236377
1153909726.0525444
1153908566.55805
1153908566.3673253
1153908566.5545125
1153908566.6241453
1153908566.55805
1153909315.3714156
1153908566.5242882
1153908613.2149422
1153908851.6930118
1153908300.9426796
1153908300.9263656
1153908300.9175665
1153908300.9303613
1153908300.9426796
1153909049.337938
1153908301.0031502
1153908347.5693457
1153908283.3700435
1153908283.2661557
1153908283.3549929
1153908283.485241
1153908283.3700435
1153909031.0964422
1153908283.3768501
1153908329.955838
1153908254.4869688
1153908254.6369226
1153908254.4828804
1153908254.5033598
1153908254.4869688
1153909002.4634364
1153908254.5096602
1153908301.0793123
1153908233.503424
1153908233.6369836
1153908233.5087578
1153908233.523984
1153908233.503424
1153908981.660647
1153908233.5132794
1153908280.1079261
1153908241.9383535
1153908233.0755665
1153908233.21996
1153908233.0740986
1153908233.0795672
1153908233.0755665
1153908981.2825742
1153908233.0847476
1153908279.6821423
135862625202.55775
135862625181.2635
135862625187.25752
135862625217.60085
135862625216.76471
135862625218.40251
135862625201.57042
135862625202.56696
135862625202.55789
135862625201.65642
27264330148122.39
120870528131.16757
120870527085.53802
120870527247.08284
120870527154.12555
120870530706.71
120870528131.16757
120870527669.2598
120870528198.29515
120870528134.72908
120870527683.71304
69525492405164.83
800990047714.3557
103891917450.23415
103891915105.54356
103891915437.59514
103891914448.95386
103891923772.48108
103891917450.23415
103891916325.8097
103891917643.66127
103891917461.85043
103891916353.38464
32362656302.55641
32362661053.25007
32362660788.143456
32362664783.34383
32362640528.371067
32362656302.55641
32362659578.42266
32362654938.76691
32362656131.081665
32362659671.324066
16543501068.997038
16543500541.812527
16543500754.54155
16543499782.166052
16543502345.708658
16543501068.997038
16543501187.577753
16543500753.263268
16543501029.58209
16543501238.831318
9641358188.827526
9641354434.30117
9641354933.358538
9641354819.463364
9641368902.618624
9641358188.827526
9641356337.574032
9641358528.878092
9641358207.120724
9641356371.006832
5135241614.8928995
5135242094.097865
5135242078.344024
5135241935.7945175
5135240075.399852
5135241614.8928995
5135242019.921793
5135241561.101225
5135241620.220744
5135242018.721238
5565390483.5681715
4739637352.78962
4739636843.119245
4739636941.832674
4739636915.732142
4739638679.407364
4739637352.78962
4739637219.768381
4739637402.453243
4739637362.304153
4739637223.777062
4666077338.848113
4666077391.105139
4666077424.297808
4666077297.660458
4666077053.868559
4666077338.848113
4666077510.748459
4666077332.57942
4666077346.252971
4666077511.381294
4871533370.876357
4445976807.479019
4445976575.626865
4445976638.941718
4445976601.197099
4445977336.424242
4445976807.479019
4445976818.750847
4445976838.847969
4445976816.785553
4445976819.606773
4071307768.432415
4071307451.51285
4071307518.553258
4071307557.81809
4071308541.317478
4071307768.432415
4071307719.3408055
4071307823.2743115
4071307779.2031064
4071307717.999092
4010259601.0225334
4010259292.199003
4010259357.5402184
4010259394.938398
4010260352.613401
4010259601.0225334
4010259553.6752925
4010259656.6258903
4010259611.8095136
4010259552.0191956
3998039586.94024
3998039552.3332777
3998039585.5004506
3998039529.0317035
3998039565.841991
3998039586.94024
3998039687.4833035
3998039617.3278913
3998039596.832453
3998039684.2045107
3372576312.833071
3372575829.6622367
3372575959.3283253
3372576086.447867
3372577410.812944
3372576312.833071
3372576190.397898
3372576381.557446
3372576324.1075087
3372576187.965251
3348244874.4680824
3348244831.2169094
3348244866.2708335
3348244823.6673326
3348244883.403641
3348244874.4680824
3348244962.830843
3348244907.526707
3348244884.394848
3348244958.569243
2484503372.225391
2484502035.0920935
2484502528.052979
2484503013.426279
2484505991.6532593
2484503372.225391
2484502940.8459315
2484503481.649902
2484503384.5446496
2484502939.753729
2340646022.5530663
2340645988.2564025
2340646024.73589
2340645980.0737295
2340646019.7189736
2340646022.5530663
2340646108.6894164
2340646043.42766
2340646031.037055
2340646105.2858357
1390152818.8362358
1390150652.085637
1390151786.2607787
1390152521.130893
1390155976.4514477
1390152818.8362358
1390152240.0089004
1390152934.24713
1390152829.698197
1390152237.4946778
1158484063.3900914
1158484060.123574
1158484080.3001707
1158484035.6718707
1158484028.4935074
1158484063.3900914
1158484129.9950612
1158484064.2368932
1158484068.2129843
1158484128.9328787
864274552.7445872
864272742.8289517
864273786.6084982
864274392.1501828
864276851.2145574
864274552.7445872
864274076.5436487
864274649.8484521
864274562.9986871
864274071.7902676
740880783.2775174
740880793.8747848
740880791.661793
740880772.0204874
740880754.6572675
740880783.2775174
740880802.6894853
740880783.7324485
740880786.5739157
740880800.4750749
664726967.485338
664726427.6169136
664726745.6808968
664726922.0463502
664727630.6372502
664726967.485338
664726838.1111349
664726985.2809557
664726970.1124744
664726836.5069811
657351515.9149349
657351650.7848579
657351579.9167143
657351513.3145534
657351329.4696413
657351515.9149349
657351566.7816648
657351498.1970075
657351516.0755659
657351568.386202
633566689.6498291
633566382.912338
633566559.9738065
633566665.0257514
633567067.2977737
633566689.6498291
633566607.3259301
633566704.1623675
633566692.4809984
633566604.6403663
629810451.0635875
629810461.478459
629810455.9821323
629810444.7708948
629810428.6819682
629810451.0635875
629810454.2583071
629810448.6738132
629810452.8069131
629810452.7867444
614908476.0675786
614908664.470419
614908558.6158409
614908477.9271716
614908230.6160473
614908476.0675786
614908530.5701317
614908461.9428606
614908476.3948573
614908531.9068013
613744519.7426937
613744514.1629641
613744522.6223681
613744510.0397829
613744512.3966382
613744519.7426937
613744528.2660974
613744512.9468644
613744520.3456869
613744528.7328161
584899677.0114197
584899565.6919789
584899628.6910276
584899666.39664
584899805.218677
584899677.0114197
584899637.4416636
584899689.6165731
584899679.9728119
584899633.7912934
587809369.6206834
583312119.1722379
583312182.3194327
583312139.9195744
583312118.3776882
583312042.4355241
583312119.1722379
583312123.9851912
583312122.6456949
583312121.5322182
583312121.0574957
581035287.3051895
581035286.082592
581035287.0239197
581035280.3744446
581035281.0743556
581035287.3051895
581035287.2636695
581035287.2110902
581035289.2675083
581035285.5827223
580998008.9956919
580998011.522829
580998010.1921945
580998002.2791898
580997998.3688467
580998008.9956919
580998009.8940787
580998008.7164924
580998010.946452
580998008.2264339
578549727.4905123
578549719.9898994
578549725.1441653
578549719.9250357
578549727.9549407
578549727.4905123
578549727.3764925
578549727.8407927
578549729.5607204
578549725.6428794
578538659.2231017
578538668.5494106
578538663.4021796
578538652.6051872
578538640.2801628
578538659.2231017
578538663.2482332
578538658.7551032
578538661.2411768
578538661.5761837
576938428.6604062
576938424.1402093
576938427.3183606
576938435.9619635
576938425.8464036
576938428.6604062
576938428.7665983
576938428.9091822
576938430.704397
576938427.0063068
574259677.3986149
574259690.7064466
574259682.7489148
574259683.773979
574259654.5534407
574259677.3986149
574259682.0171708
574259677.2252998
574259679.4694445
574259680.2140275
573187092.1402205
573187089.2337933
573187091.4901044
573187099.4299339
573187087.2924042
573187092.1402205
573187092.9597182
573187092.3033061
573187094.1926484
573187091.1604023
568167121.968809
568167041.2636399
568167093.4664941
568167133.2572659
568167044.7833266
568167121.968809
568167105.4005481
568167126.1649969
568167124.3465693
568167103.031765
568017141.0897297
568017136.5351142
568017139.5954027
568017148.4143063
568017138.0222244
568017141.0897297
568017141.3176104
568017142.1588292
568017143.2778856
568017139.2483667
566852242.3869414
566852270.5642064
566852252.5544537
566852248.1516415
566852204.8878351
566852242.3869414
566852250.4028784
566852242.1617509
566852244.531303
566852248.4500235
621532004.5681363
566523539.463738
566523539.4104944
566523539.885101
566523546.7173481
566523531.3250256
566523539.463738
566523541.305811
566523539.5013113
566523541.5325303
566523539.4185257
565964296.9295313
565964248.0032105
565964279.6194842
565964306.371931
565964339.9349046
565964296.9295313
565964287.0362974
565964300.8759289
565964299.3839986
565964284.4982024
565912238.3730816
565912234.8890505
565912236.8840888
565912245.5069109
565912234.4160316
565912238.3730816
565912238.3260355
565912240.4838686
565912240.7165478
565912235.9794084
565906144.937048
565906146.7269701
565906145.298253
565906151.8101977
565906135.5141962
565906144.937048
565906146.0663238
565906146.812279
565906147.2654824
565906143.7474322
565387404.9864857
565387406.6606838
565387405.5791324
565387412.0933071
565387395.2249097
565387404.9864857
565387407.3561552
565387407.2365037
565387407.4345306
565387404.9696794
638297334.8356363
565286070.6079388
565286070.2974322
565286070.5790294
565286077.8857012
565286062.7294575
565286070.6079388
565286072.9940536
565286073.2259076
565286073.1284912
565286070.5406551
641434303.0091549
565251200.562933
565251200.3191401
565251200.4945834
565251207.8362541
565251192.6140398
565251200.562933
565251203.0626496
565251203.6138357
565251203.1592664
565251200.5130806
565249706.6353953
565249706.6443033
565249706.6379707
565249713.8949503
565249714.8617513
565249706.6353953
565249709.2083423
565249709.7786859
565249709.2487792
565249706.63709
565249696.8779241
565249696.8901718
565249696.87992
565249704.1370218
565249705.1071692
565249696.8779241
565249699.4523132
565249700.0303719
565249699.4928544
565249696.8789959
565249696.8648431
565249696.8750755
565249696.8660674
565249704.1240195
565249705.0919912
565249696.8648431
565249699.4387611
565249700.0176964
565249699.4798297
565249696.865361
135862625202.55775
135862625181.2635
135862625187.25752
135862625217.60085
135862625216.76471
135862625218.40251
135862625201.57042
135862625202.56696
135862625202.55789
135862625201.65642
27264330148122.39
120870528131.16757
120870527085.53802
120870527247.08284
120870527154.12555
120870530706.71
120870528131.16757
120870527669.2598
120870528198.29515
120870528134.72908
120870527683.71304
69525492405164.83
800990047714.3557
103891917450.23415
103891915105.54356
103891915437.59514
103891914448.95386
103891923772.48108
103891917450.23415
103891916325.8097
103891917643.66127
103891917461.85043
103891916353.38464
32362656302.55641
32362661053.25007
32362660788.143456
32362664783.34383
32362640528.371067
32362656302.55641
32362659578.42266
32362654938.76691
32362656131.081665
32362659671.324066
16543501068.997038
16543500541.812527
16543500754.54155
16543499782.166052
16543502345.708658
16543501068.997038
16543501187.577753
16543500753.263268
16543501029.58209
16543501238.831318
9641358188.827526
9641354434.30117
9641354933.358538
9641354819.463364
9641368902.618624
9641358188.827526
9641356337.574032
9641358528.878092
9641358207.120724
9641356371.006832
5135241614.8928995
5135242094.097865
5135242078.344024
5135241935.7945175
5135240075.399852
5135241614.8928995
5135242019.921793
5135241561.101225
5135241620.220744
5135242018.721238
5565390483.5681715
4739637352.78962
4739636843.119245
4739636941.832674
4739636915.732142
4739638679.407364
4739637352.78962
4739637219.768381
4739637402.453243
4739637362.304153
4739637223.777062
4666077338.848113
4666077391.105139
4666077424.297808
4666077297.660458
4666077053.868559
4666077338.848113
4666077510.748459
4666077332.57942
4666077346.252971
4666077511.381294
4871533370.876357
4445976807.479019
4445976575.626865
4445976638.941718
4445976601.197099
4445977336.424242
4445976807.479019
4445976818.750847
4445976838.847969
4445976816.785553
4445976819.606773
4071307768.432415
4071307451.51285
4071307518.553258
4071307557.81809
4071308541.317478
4071307768.432415
4071307719.3408055
4071307823.2743115
4071307779.2031064
4071307717.999092
4010259601.0225334
4010259292.199003
4010259357.5402184
4010259394.938398
4010260352.613401
4010259601.0225334
4010259553.6752925
4010259656.6258903
4010259611.8095136
4010259552.0191956
3998039586.94024
3998039552.3332777
3998039585.5004506
3998039529.0317035
3998039565.841991
3998039586.94024
3998039687.4833035
3998039617.3278913
3998039596.832453
3998039684.2045107
3372576312.833071
3372575829.6622367
3372575959.3283253
3372576086.447867
3372577410.812944
3372576312.833071
3372576190.397898
3372576381.557446
3372576324.1075087
3372576187.965251
3348244874.4680824
3348244831.2169094
3348244866.2708335
3348244823.6673326
3348244883.403641
3348244874.4680824
3348244962.830843
3348244907.526707
3348244884.394848
3348244958.569243
2484503372.225391
2484502035.0920935
2484502528.052979
2484503013.426279
2484505991.6532593
2484503372.225391
2484502940.8459315
2484503481.649902
2484503384.5446496
2484502939.753729
2340646022.5530663
2340645988.2564025
2340646024.73589
2340645980.0737295
2340646019.7189736
2340646022.5530663
2340646108.6894164
2340646043.42766
2340646031.037055
2340646105.2858357
1390152818.8362358
1390150652.085637
1390151786.2607787
1390152521.130893
1390155976.4514477
1390152818.8362358
1390152240.0089004
1390152934.24713
1390152829.698197
1390152237.4946778
1158484063.3900914
1158484060.123574
1158484080.3001707
1158484035.6718707
1158484028.4935074
1158484063.3900914
1158484129.9950612
1158484064.2368932
1158484068.2129843
1158484128.9328787
864274552.7445872
864272742.8289517
864273786.6084982
864274392.1501828
864276851.2145574
864274552.7445872
864274076.5436487
864274649.8484521
864274562.9986871
864274071.7902676
740880783.2775174
740880793.8747848
740880791.661793
740880772.0204874
740880754.6572675
740880783.2775174
740880802.6894853
740880783.7324485
740880786.5739157
740880800.4750749
664726967.485338
664726427.6169136
664726745.6808968
664726922.0463502
664727630.6372502
664726967.485338
664726838.1111349
664726985.2809557
664726970.1124744
664726836.5069811
657351515.9149349
657351650.7848579
657351579.9167143
657351513.3145534
657351329.4696413
657351515.9149349
657351566.7816648
657351498.1970075
657351516.0755659
657351568.386202
633566689.6498291
633566382.912338
633566559.9738065
633566665.0257514
633567067.2977737
633566689.6498291
633566607.3259301
633566704.1623675
633566692.4809984
633566604.6403663
629810451.0635875
629810461.478459
629810455.9821323
629810444.7708948
629810428.6819682
629810451.0635875
629810454.2583071
629810448.6738132
629810452.8069131
629810452.7867444
614908476.0675786
614908664.470419
614908558.6158409
614908477.9271716
614908230.6160473
614908476.0675786
614908530.5701317
614908461.9428606
614908476.3948573
614908531.9068013
613744519.7426937
613744514.1629641
613744522.6223681
613744510.0397829
613744512.3966382
613744519.7426937
613744528.2660974
613744512.9468644
613744520.3456869
613744528.7328161
584899677.0114197
584899565.6919789
584899628.6910276
584899666.39664
584899805.218677
584899677.0114197
584899637.4416636
584899689.6165731
584899679.9728119
584899633.7912934
587809369.6206834
583312119.1722379
583312182.3194327
583312139.9195744
583312118.3776882
583312042.4355241
583312119.1722379
583312123.9851912
583312122.6456949
583312121.5322182
583312121.0574957
581035287.3051895
581035286.082592
581035287.0239197
581035280.3744446
581035281.0743556
581035287.3051895
581035287.2636695
581035287.2110902
581035289.2675083
581035285.5827223
580998008.9956919
580998011.522829
580998010.1921945
580998002.2791898
580997998.3688467
580998008.9956919
580998009.8940787
580998008.7164924
580998010.946452
580998008.2264339
578549727.4905123
578549719.9898994
578549725.1441653
578549719.9250357
578549727.9549407
578549727.4905123
578549727.3764925
578549727.8407927
578549729.5607204
578549725.6428794
578538659.2231017
578538668.5494106
578538663.4021796
578538652.6051872
578538640.2801628
578538659.2231017
578538663.2482332
578538658.7551032
578538661.2411768
578538661.5761837
576938428.6604062
576938424.1402093
576938427.3183606
576938435.9619635
576938425.8464036
576938428.6604062
576938428.7665983
576938428.9091822
576938430.704397
576938427.0063068
574259677.3986149
574259690.7064466
574259682.7489148
574259683.773979
574259654.5534407
574259677.3986149
574259682.0171708
574259677.2252998
574259679.4694445
574259680.2140275
573187092.1402205
573187089.2337933
573187091.4901044
573187099.4299339
573187087.2924042
573187092.1402205
573187092.9597182
573187092.3033061
573187094.1926484
573187091.1604023
568167121.968809
568167041.2636399
568167093.4664941
568167133.2572659
568167044.7833266
568167121.968809
568167105.4005481
568167126.1649969
568167124.3465693
568167103.031765
568017141.0897297
568017136.5351142
568017139.5954027
568017148.4143063
568017138.0222244
568017141.0897297
568017141.3176104
568017142.1588292
568017143.2778856
568017139.2483667
566852242.3869414
566852270.5642064
566852252.5544537
566852248.1516415
566852204.8878351
566852242.3869414
566852250.4028784
566852242.1617509
566852244.531303
566852248.4500235
621532004.5681363
566523539.463738
566523539.4104944
566523539.885101
566523546.7173481
566523531.3250256
566523539.463738
566523541.305811
566523539.5013113
566523541.5325303
566523539.4185257
565964296.9295313
565964248.0032105
565964279.6194842
565964306.371931
565964339.9349046
565964296.9295313
565964287.0362974
565964300.8759289
565964299.3839986
565964284.4982024
565912238.3730816
565912234.8890505
565912236.8840888
565912245.5069109
565912234.4160316
565912238.3730816
565912238.3260355
565912240.4838686
565912240.7165478
565912235.9794084
565906144.937048
565906146.7269701
565906145.298253
565906151.8101977
565906135.5141962
565906144.937048
565906146.0663238
565906146.812279
565906147.2654824
565906143.7474322
565387404.9864857
565387406.6606838
565387405.5791324
565387412.0933071
565387395.2249097
565387404.9864857
565387407.3561552
565387407.2365037
565387407.4345306
565387404.9696794
638297334.8356363
565286070.6079388
565286070.2974322
565286070.5790294
565286077.8857012
565286062.7294575
565286070.6079388
565286072.9940536
565286073.2259076
565286073.1284912
565286070.5406551
641434303.0091549
565251200.562933
565251200.3191401
565251200.4945834
565251207.8362541
565251192.6140398
565251200.562933
565251203.0626496
565251203.6138357
565251203.1592664
565251200.5130806
565249706.6353953
565249706.6443033
565249706.6379707
565249713.8949503
565249714.8617513
565249706.6353953
565249709.2083423
565249709.7786859
565249709.2487792
565249706.63709
565249696.8779241
565249696.8901718
565249696.87992
565249704.1370218
565249705.1071692
565249696.8779241
565249699.4523132
565249700.0303719
565249699.4928544
565249696.8789959
565249696.8648431
565249696.8750755
565249696.8660674
565249704.1240195
565249705.0919912
565249696.8648431
565249699.4387611
565249700.0176964
565249699.4798297
565249696.865361
135862625202.55775
135862625181.2635
135862625187.25752
135862625217.60085
135862625216.76471
135862625218.40251
135862625201.57042
135862625202.56696
135862625202.55789
135862625201.65642
27264330148122.39
120870528131.16757
120870527085.53802
120870527247.08284
120870527154.12555
120870530706.71
120870528131.16757
120870527669.2598
120870528198.29515
120870528134.72908
120870527683.71304
69525492405164.83
800990047714.3557
103891917450.23415
103891915105.54356
103891915437.59514
103891914448.95386
103891923772.48108
103891917450.23415
103891916325.8097
103891917643.66127
103891917461.85043
103891916353.38464
32362656302.55641
32362661053.25007
32362660788.143456
32362664783.34383
32362640528.371067
32362656302.55641
32362659578.42266
32362654938.76691
32362656131.081665
32362659671.324066
16543501068.997038
16543500541.812527
16543500754.54155
16543499782.166052
16543502345.708658
16543501068.997038
16543501187.577753
16543500753.263268
16543501029.58209
16543501238.831318
9641358188.827526
9641354434.30117
9641354933.358538
9641354819.463364
9641368902.618624
9641358188.827526
9641356337.574032
9641358528.878092
9641358207.120724
9641356371.006832
5135241614.8928995
5135242094.097865
5135242078.344024
5135241935.7945175
5135240075.399852
5135241614.8928995
5135242019.921793
5135241561.101225
5135241620.220744
5135242018.721238
5565390483.5681715
4739637352.78962
4739636843.119245
4739636941.832674
4739636915.732142
4739638679.407364
4739637352.78962
4739637219.768381
4739637402.453243
4739637362.304153
4739637223.777062
4666077338.848113
4666077391.105139
4666077424.297808
4666077297.660458
4666077053.868559
4666077338.848113
4666077510.748459
4666077332.57942
4666077346.252971
4666077511.381294
4871533370.876357
4445976807.479019
4445976575.626865
4445976638.941718
4445976601.197099
4445977336.424242
4445976807.479019
4445976818.750847
4445976838.847969
4445976816.785553
4445976819.606773
4071307768.432415
4071307451.51285
4071307518.553258
4071307557.81809
4071308541.317478
4071307768.432415
4071307719.3408055
4071307823.2743115
4071307779.2031064
4071307717.999092
4010259601.0225334
4010259292.199003
4010259357.5402184
4010259394.938398
4010260352.613401
4010259601.0225334
4010259553.6752925
4010259656.6258903
4010259611.8095136
4010259552.0191956
3998039586.94024
3998039552.3332777
3998039585.5004506
3998039529.0317035
3998039565.841991
3998039586.94024
3998039687.4833035
3998039617.3278913
3998039596.832453
3998039684.2045107
3372576312.833071
3372575829.6622367
3372575959.3283253
3372576086.447867
3372577410.812944
3372576312.833071
3372576190.397898
3372576381.557446
3372576324.1075087
3372576187.965251
3348244874.4680824
3348244831.2169094
3348244866.2708335
3348244823.6673326
3348244883.403641
3348244874.4680824
3348244962.830843
3348244907.526707
3348244884.394848
3348244958.569243
2484503372.225391
2484502035.0920935
2484502528.052979
2484503013.426279
2484505991.6532593
2484503372.225391
2484502940.8459315
2484503481.649902
2484503384.5446496
2484502939.753729
2340646022.5530663
2340645988.2564025
2340646024.73589
2340645980.0737295
2340646019.7189736
2340646022.5530663
2340646108.6894164
2340646043.42766
2340646031.037055
2340646105.2858357
1390152818.8362358
1390150652.085637
1390151786.2607787
1390152521.130893
1390155976.4514477
1390152818.8362358
1390152240.0089004
1390152934.24713
1390152829.698197
1390152237.4946778
1158484063.3900914
1158484060.123574
1158484080.3001707
1158484035.6718707
1158484028.4935074
1158484063.3900914
1158484129.9950612
1158484064.2368932
1158484068.2129843
1158484128.9328787
864274552.7445872
864272742.8289517
864273786.6084982
864274392.1501828
864276851.2145574
864274552.7445872
864274076.5436487
864274649.8484521
864274562.9986871
864274071.7902676
740880783.2775174
740880793.8747848
740880791.661793
740880772.0204874
740880754.6572675
740880783.2775174
740880802.6894853
740880783.7324485
740880786.5739157
740880800.4750749
664726967.485338
664726427.6169136
664726745.6808968
664726922.0463502
664727630.6372502
664726967.485338
664726838.1111349
664726985.2809557
664726970.1124744
664726836.5069811
657351515.9149349
657351650.7848579
657351579.9167143
657351513.3145534
657351329.4696413
657351515.9149349
657351566.7816648
657351498.1970075
657351516.0755659
657351568.386202
633566689.6498291
633566382.912338
633566559.9738065
633566665.0257514
633567067.2977737
633566689.6498291
633566607.3259301
633566704.1623675
633566692.4809984
633566604.6403663
629810451.0635875
629810461.478459
629810455.9821323
629810444.7708948
629810428.6819682
629810451.0635875
629810454.2583071
629810448.6738132
629810452.8069131
629810452.7867444
614908476.0675786
614908664.470419
614908558.6158409
614908477.9271716
614908230.6160473
614908476.0675786
614908530.5701317
614908461.9428606
614908476.3948573
614908531.9068013
613744519.7426937
613744514.1629641
613744522.6223681
613744510.0397829
613744512.3966382
613744519.7426937
613744528.2660974
613744512.9468644
613744520.3456869
613744528.7328161
584899677.0114197
584899565.6919789
584899628.6910276
584899666.39664
584899805.218677
584899677.0114197
584899637.4416636
584899689.6165731
584899679.9728119
584899633.7912934
587809369.6206834
583312119.1722379
583312182.3194327
583312139.9195744
583312118.3776882
583312042.4355241
583312119.1722379
583312123.9851912
583312122.6456949
583312121.5322182
583312121.0574957
581035287.3051895
581035286.082592
581035287.0239197
581035280.3744446
581035281.0743556
581035287.3051895
581035287.2636695
581035287.2110902
581035289.2675083
581035285.5827223
580998008.9956919
580998011.522829
580998010.1921945
580998002.2791898
580997998.3688467
580998008.9956919
580998009.8940787
580998008.7164924
580998010.946452
580998008.2264339
578549727.4905123
578549719.9898994
578549725.1441653
578549719.9250357
578549727.9549407
578549727.4905123
578549727.3764925
578549727.8407927
578549729.5607204
578549725.6428794
578538659.2231017
578538668.5494106
578538663.4021796
578538652.6051872
578538640.2801628
578538659.2231017
578538663.2482332
578538658.7551032
578538661.2411768
578538661.5761837
576938428.6604062
576938424.1402093
576938427.3183606
576938435.9619635
576938425.8464036
576938428.6604062
576938428.7665983
576938428.9091822
576938430.704397
576938427.0063068
574259677.3986149
574259690.7064466
574259682.7489148
574259683.773979
574259654.5534407
574259677.3986149
574259682.0171708
574259677.2252998
574259679.4694445
574259680.2140275
573187092.1402205
573187089.2337933
573187091.4901044
573187099.4299339
573187087.2924042
573187092.1402205
573187092.9597182
573187092.3033061
573187094.1926484
573187091.1604023
568167121.968809
568167041.2636399
568167093.4664941
568167133.2572659
568167044.7833266
568167121.968809
568167105.4005481
568167126.1649969
568167124.3465693
568167103.031765
568017141.0897297
568017136.5351142
568017139.5954027
568017148.4143063
568017138.0222244
568017141.0897297
568017141.3176104
568017142.1588292
568017143.2778856
568017139.2483667
566852242.3869414
566852270.5642064
566852252.5544537
566852248.1516415
566852204.8878351
566852242.3869414
566852250.4028784
566852242.1617509
566852244.531303
566852248.4500235
621532004.5681363
566523539.463738
566523539.4104944
566523539.885101
566523546.7173481
566523531.3250256
566523539.463738
566523541.305811
566523539.5013113
566523541.5325303
566523539.4185257
565964296.9295313
565964248.0032105
565964279.6194842
565964306.371931
565964339.9349046
565964296.9295313
565964287.0362974
565964300.8759289
565964299.3839986
565964284.4982024
565912238.3730816
565912234.8890505
565912236.8840888
565912245.5069109
565912234.4160316
565912238.3730816
565912238.3260355
565912240.4838686
565912240.7165478
565912235.9794084
565906144.937048
565906146.7269701
565906145.298253
565906151.8101977
565906135.5141962
565906144.937048
565906146.0663238
565906146.812279
565906147.2654824
565906143.7474322
565387404.9864857
565387406.6606838
565387405.5791324
565387412.0933071
565387395.2249097
565387404.9864857
565387407.3561552
565387407.2365037
565387407.4345306
565387404.9696794
638297334.8356363
565286070.6079388
565286070.2974322
565286070.5790294
565286077.8857012
565286062.7294575
565286070.6079388
565286072.9940536
565286073.2259076
565286073.1284912
565286070.5406551
641434303.0091549
565251200.562933
565251200.3191401
565251200.4945834
565251207.8362541
565251192.6140398
565251200.562933
565251203.0626496
565251203.6138357
565251203.1592664
565251200.5130806
565249706.6353953
565249706.6443033
565249706.6379707
565249713.8949503
565249714.8617513
565249706.6353953
565249709.2083423
565249709.7786859
565249709.2487792
565249706.63709
565249696.8779241
565249696.8901718
565249696.87992
565249704.1370218
565249705.1071692
565249696.8779241
565249699.4523132
565249700.0303719
565249699.4928544
565249696.8789959
565249696.8648431
565249696.8750755
565249696.8660674
565249704.1240195
565249705.0919912
565249696.8648431
565249699.4387611
565249700.0176964
565249699.4798297
565249696.865361
135862625202.55775
135862625181.2635
135862625187.25752
135862625217.60085
135862625216.76471
135862625218.40251
135862625201.57042
135862625202.56696
135862625202.55789
135862625201.65642
27264330148122.39
120870528131.16757
120870527085.53802
120870527247.08284
120870527154.12555
120870530706.71
120870528131.16757
120870527669.2598
120870528198.29515
120870528134.72908
120870527683.71304
69525492405164.83
800990047714.3557
103891917450.23415
103891915105.54356
103891915437.59514
103891914448.95386
103891923772.48108
103891917450.23415
103891916325.8097
103891917643.66127
103891917461.85043
103891916353.38464
32362656302.55641
32362661053.25007
32362660788.143456
32362664783.34383
32362640528.371067
32362656302.55641
32362659578.42266
32362654938.76691
32362656131.081665
32362659671.324066
16543501068.997038
16543500541.812527
16543500754.54155
16543499782.166052
16543502345.708658
16543501068.997038
16543501187.577753
16543500753.263268
16543501029.58209
16543501238.831318
9641358188.827526
9641354434.30117
9641354933.358538
9641354819.463364
9641368902.618624
9641358188.827526
9641356337.574032
9641358528.878092
9641358207.120724
9641356371.006832
5135241614.8928995
5135242094.097865
5135242078.344024
5135241935.7945175
5135240075.399852
5135241614.8928995
5135242019.921793
5135241561.101225
5135241620.220744
5135242018.721238
5565390483.5681715
4739637352.78962
4739636843.119245
4739636941.832674
4739636915.732142
4739638679.407364
4739637352.78962
4739637219.768381
4739637402.453243
4739637362.304153
4739637223.777062
4666077338.848113
4666077391.105139
4666077424.297808
4666077297.660458
4666077053.868559
4666077338.848113
4666077510.748459
4666077332.57942
4666077346.252971
4666077511.381294
4871533370.876357
4445976807.479019
4445976575.626865
4445976638.941718
4445976601.197099
4445977336.424242
4445976807.479019
4445976818.750847
4445976838.847969
4445976816.785553
4445976819.606773
4071307768.432415
4071307451.51285
4071307518.553258
4071307557.81809
4071308541.317478
4071307768.432415
4071307719.3408055
4071307823.2743115
4071307779.2031064
4071307717.999092
4010259601.0225334
4010259292.199003
4010259357.5402184
4010259394.938398
4010260352.613401
4010259601.0225334
4010259553.6752925
4010259656.6258903
4010259611.8095136
4010259552.0191956
3998039586.94024
3998039552.3332777
3998039585.5004506
3998039529.0317035
3998039565.841991
3998039586.94024
3998039687.4833035
3998039617.3278913
3998039596.832453
3998039684.2045107
3372576312.833071
3372575829.6622367
3372575959.3283253
3372576086.447867
3372577410.812944
3372576312.833071
3372576190.397898
3372576381.557446
3372576324.1075087
3372576187.965251
3348244874.4680824
3348244831.2169094
3348244866.2708335
3348244823.6673326
3348244883.403641
3348244874.4680824
3348244962.830843
3348244907.526707
3348244884.394848
3348244958.569243
2484503372.225391
2484502035.0920935
2484502528.052979
2484503013.426279
2484505991.6532593
2484503372.225391
2484502940.8459315
2484503481.649902
2484503384.5446496
2484502939.753729
2340646022.5530663
2340645988.2564025
2340646024.73589
2340645980.0737295
2340646019.7189736
2340646022.5530663
2340646108.6894164
2340646043.42766
2340646031.037055
2340646105.2858357
1390152818.8362358
1390150652.085637
1390151786.2607787
1390152521.130893
1390155976.4514477
1390152818.8362358
1390152240.0089004
1390152934.24713
1390152829.698197
1390152237.4946778
1158484063.3900914
1158484060.123574
1158484080.3001707
1158484035.6718707
1158484028.4935074
1158484063.3900914
1158484129.9950612
1158484064.2368932
1158484068.2129843
1158484128.9328787
864274552.7445872
864272742.8289517
864273786.6084982
864274392.1501828
864276851.2145574
864274552.7445872
864274076.5436487
864274649.8484521
864274562.9986871
864274071.7902676
740880783.2775174
740880793.8747848
740880791.661793
740880772.0204874
740880754.6572675
740880783.2775174
740880802.6894853
740880783.7324485
740880786.5739157
740880800.4750749
664726967.485338
664726427.6169136
664726745.6808968
664726922.0463502
664727630.6372502
664726967.485338
664726838.1111349
664726985.2809557
664726970.1124744
664726836.5069811
657351515.9149349
657351650.7848579
657351579.9167143
657351513.3145534
657351329.4696413
657351515.9149349
657351566.7816648
657351498.1970075
657351516.0755659
657351568.386202
633566689.6498291
633566382.912338
633566559.9738065
633566665.0257514
633567067.2977737
633566689.6498291
633566607.3259301
633566704.1623675
633566692.4809984
633566604.6403663
629810451.0635875
629810461.478459
629810455.9821323
629810444.7708948
629810428.6819682
629810451.0635875
629810454.2583071
629810448.6738132
629810452.8069131
629810452.7867444
614908476.0675786
614908664.470419
614908558.6158409
614908477.9271716
614908230.6160473
614908476.0675786
614908530.5701317
614908461.9428606
614908476.3948573
614908531.9068013
613744519.7426937
613744514.1629641
613744522.6223681
613744510.0397829
613744512.3966382
613744519.7426937
613744528.2660974
613744512.9468644
613744520.3456869
613744528.7328161
584899677.0114197
584899565.6919789
584899628.6910276
584899666.39664
584899805.218677
584899677.0114197
584899637.4416636
584899689.6165731
584899679.9728119
584899633.7912934
587809369.6206834
583312119.1722379
583312182.3194327
583312139.9195744
583312118.3776882
583312042.4355241
583312119.1722379
583312123.9851912
583312122.6456949
583312121.5322182
583312121.0574957
581035287.3051895
581035286.082592
581035287.0239197
581035280.3744446
581035281.0743556
581035287.3051895
581035287.2636695
581035287.2110902
581035289.2675083
581035285.5827223
580998008.9956919
580998011.522829
580998010.1921945
580998002.2791898
580997998.3688467
580998008.9956919
580998009.8940787
580998008.7164924
580998010.946452
580998008.2264339
578549727.4905123
578549719.9898994
578549725.1441653
578549719.9250357
578549727.9549407
578549727.4905123
578549727.3764925
578549727.8407927
578549729.5607204
578549725.6428794
578538659.2231017
578538668.5494106
578538663.4021796
578538652.6051872
578538640.2801628
578538659.2231017
578538663.2482332
578538658.7551032
578538661.2411768
578538661.5761837
576938428.6604062
576938424.1402093
576938427.3183606
576938435.9619635
576938425.8464036
576938428.6604062
576938428.7665983
576938428.9091822
576938430.704397
576938427.0063068
574259677.3986149
574259690.7064466
574259682.7489148
574259683.773979
574259654.5534407
574259677.3986149
574259682.0171708
574259677.2252998
574259679.4694445
574259680.2140275
573187092.1402205
573187089.2337933
573187091.4901044
573187099.4299339
573187087.2924042
573187092.1402205
573187092.9597182
573187092.3033061
573187094.1926484
573187091.1604023
568167121.968809
568167041.2636399
568167093.4664941
568167133.2572659
568167044.7833266
568167121.968809
568167105.4005481
568167126.1649969
568167124.3465693
568167103.031765
568017141.0897297
568017136.5351142
568017139.5954027
568017148.4143063
568017138.0222244
568017141.0897297
568017141.3176104
568017142.1588292
568017143.2778856
568017139.2483667
566852242.3869414
566852270.5642064
566852252.5544537
566852248.1516415
566852204.8878351
566852242.3869414
566852250.4028784
566852242.1617509
566852244.531303
566852248.4500235
621532004.5681363
566523539.463738
566523539.4104944
566523539.885101
566523546.7173481
566523531.3250256
566523539.463738
566523541.305811
566523539.5013113
566523541.5325303
566523539.4185257
565964296.9295313
565964248.0032105
565964279.6194842
565964306.371931
565964339.9349046
565964296.9295313
565964287.0362974
565964300.8759289
565964299.3839986
565964284.4982024
565912238.3730816
565912234.8890505
565912236.8840888
565912245.5069109
565912234.4160316
565912238.3730816
565912238.3260355
565912240.4838686
565912240.7165478
565912235.9794084
565906144.937048
565906146.7269701
565906145.298253
565906151.8101977
565906135.5141962
565906144.937048
565906146.0663238
565906146.812279
565906147.2654824
565906143.7474322
565387404.9864857
565387406.6606838
565387405.5791324
565387412.0933071
565387395.2249097
565387404.9864857
565387407.3561552
565387407.2365037
565387407.4345306
565387404.9696794
638297334.8356363
565286070.6079388
565286070.2974322
565286070.5790294
565286077.8857012
565286062.7294575
565286070.6079388
565286072.9940536
565286073.2259076
565286073.1284912
565286070.5406551
641434303.0091549
565251200.562933
565251200.3191401
565251200.4945834
565251207.8362541
565251192.6140398
565251200.562933
565251203.0626496
565251203.6138357
565251203.1592664
565251200.5130806
565249706.6353953
565249706.6443033
565249706.6379707
565249713.8949503
565249714.8617513
565249706.6353953
565249709.2083423
565249709.7786859
565249709.2487792
565249706.63709
565249696.8779241
565249696.8901718
565249696.87992
565249704.1370218
565249705.1071692
565249696.8779241
565249699.4523132
565249700.0303719
565249699.4928544
565249696.8789959
565249696.8648431
565249696.8750755
565249696.8660674
565249704.1240195
565249705.0919912
565249696.8648431
565249699.4387611
565249700.0176964
565249699.4798297
565249696.865361
