134323396318.64578
134323396284.36475
134323396297.44418
134323396294.43396
134323396303.67148
134323396360.66003
134323396357.49301
134323396349.3261
134323396317.54668
134323396318.65974
134323396318.6458
134323396317.88036
134323396318.65816
134323396318.6458
134323396317.62201
134323396318.66086
134323396318.64581
134323396317.93071
10045722711691.238
92613898162.20992
92613896155.51639
92613897204.46674
92613897051.59204
92613897632.12302
92613893979.0032
92613904974.35007
92613898162.20992
92613897390.08176
92613898280.09546
92613898163.75102
92613897788.84705
92613898231.45926
92613898163.21277
92613897588.51607
92613898274.745
92613898163.90073
92613897879.37692
70916808870556.17
19975233878752.46
39727905240.076744
39727901100.86733
39727903308.96323
39727903066.47777
39727904212.30112
39727897456.4773
39727920162.929474
39727905240.076744
39727903534.37512
39727905519.44196
39727905243.80199
39727904407.60926
39727905407.30992
39727905242.53758
39727904042.134865
39727905499.296936
39727905244.205635
39727904640.72545
33824867251.690838
33824878190.773193
33824872475.514515
33824873028.863613
33824870135.28994
33824886816.235947
33824823877.42501
33824867251.690838
33824873123.90531
33824865566.294426
33824867209.33127
33824870271.87498
33824866219.326958
33824867223.012604
33824871205.451675
33824865731.850365
33824867203.053204
33824869361.817825
11989243102.247612
11989244834.073704
11989243975.878355
11989244052.698885
11989243614.944233
11989245738.913954
11989235874.348526
11989243102.247612
11989244339.55291
11989242613.768467
11989243087.756392
11989243765.386719
11989242802.880043
11989243092.532291
11989243914.239693
11989242670.521244
11989243085.855278
11989243557.162205
9421549195.892712
9421549031.834578
9421549170.245543
9421549160.875336
9421549222.561014
9421548570.118116
9421549282.03577
9421549195.892712
9421549469.186392
9421548966.820734
9421549188.067585
9421549365.549076
9421549056.221516
9421549190.712994
9421549364.180006
9421548994.113985
9421549187.07097
9421549309.706211
6508469924.094944
6508469201.458815
6508469636.624665
6508469608.310893
6508469810.728459
6508468705.7594
6508472128.306699
6508469924.094944
6508469890.2189
6508469797.409545
6508469919.597265
6508469933.686093
6508469848.009782
6508469921.1923
6508469893.819933
6508469811.410791
6508469919.028834
6508469929.883528
2847553862.0741825
2847553259.149634
2847553623.4523106
2847553597.4705935
2847553761.5891457
2847553044.6747613
2847555704.7055187
2847553862.0741825
2847553785.0275993
2847553807.3960524
2847553860.4531236
2847553838.519699
2847553831.7913966
2847553861.1269283
2847553810.1989007
2847553807.8117814
2847553860.234243
2847553847.874489
2640724568.7697067
2640724569.1264367
2640724584.6028996
2640724623.734479
2640724609.8960314
2640724324.0499954
2640724313.274627
2640724568.7697067
2640724763.8715873
2640724459.3062506
2640724566.275164
2640724669.4878473
2640724509.577663
2640724567.347188
2640724719.0925756
2640724459.3300447
2640724565.9337244
2640724649.3664136
1873069302.450338
1873067965.2505019
1873068772.7932124
1873068661.6765037
1873069033.3145306
1873068389.719609
1873073523.848429
1873069302.450338
1873068839.224033
1873069361.078386
1873069303.3348799
1873069099.6497593
1873069333.0619965
1873069302.9246342
1873068970.1515546
1873069360.9021978
1873069303.4525113
1873069153.6013823
1468568684.084896
1468568680.8343134
1468568690.1274977
1468568711.7447617
1468568704.5069916
1468568558.237731
1468568537.7423384
1468568684.084896
1468568806.6499145
1468568630.9816308
1468568683.316611
1468568744.1527407
1468568656.3335598
1468568683.6715746
1468568773.9585962
1468568630.961054
1468568683.213075
1468568729.792414
1463718115.2702355
1463717962.9186494
1463718061.4769602
1463718068.0621357
1463718103.1424205
1463717901.4277263
1463718458.4537787
1463718115.2702355
1463718171.3750496
1463718075.5144985
1463718114.7130597
1463718145.4117012
1463718094.5077944
1463718114.970864
1463718157.1988986
1463718075.4528418
1463718114.6382093
1463718138.7930927
1457724199.2222028
1457724213.9226363
1457724212.2410228
1457724235.314167
1457724223.113188
1457724085.5637522
1457723995.9616888
1457724199.2222028
1457724328.129784
1457724145.8248467
1457724198.4684305
1457724261.9756045
1457724171.342563
1457724198.8173745
1457724293.5779965
1457724145.755141
1457724198.366782
1457724246.865189
1454293201.9410934
1454293090.5837975
1454293164.4511728
1454293174.8778284
1454293198.4218006
1454293013.682894
1454293411.9959548
1454293201.9410934
1454293274.9957852
1454293159.5671804
1454293201.357747
1454293239.5861332
1454293179.8255467
1454293201.6280298
1454293256.0213902
1454293159.4772375
1454293201.2792895
1454293230.9812982
1449749814.59368
1449749848.8781402
1449749835.276866
1449749860.0415754
1449749842.3906891
1449749713.7129614
1449749548.7141197
1449749814.59368
1449749950.9041045
1449749760.4887855
1449749813.8439012
1449749880.539465
1449749786.365825
1449749814.191549
1449749914.2103896
1449749760.3823454
1449749813.7427278
1449749864.5566876
1445737369.7732813
1445737403.6181717
1445737390.2499375
1445737414.8876486
1445737397.3949537
1445737269.0522447
1445737105.7446167
1445737369.7732813
1445737505.6003218
1445737315.9003458
1445737369.029148
1445737435.4769487
1445737341.6699998
1445737369.3742528
1445737468.9986084
1445737315.8006053
1445737368.9287589
1445737419.5339997
1442435688.6417222
1442435598.4193134
1442435659.4784412
1442435671.709253
1442435689.3671746
1442435514.6468227
1442435830.8905997
1442435688.6417222
1442435769.6890295
1442435645.4758453
1442435688.0609877
1442435729.7478483
1442435666.1307476
1442435688.3304946
1442435748.3860104
1442435645.3624668
1442435687.9828477
1442435720.1889634
1438052740.7955053
1438052793.8002312
1438052768.7510133
1438052795.0352168
1438052772.2178464
1438052652.5196745
1438052415.6329875
1438052740.7955053
1438052883.8266284
1438052686.2568011
1438052740.0560117
1438052809.5968487
1438052712.3673615
1438052740.399532
1438052845.133121
1438052686.120653
1438052739.9561865
1438052792.8036196
1434385886.905217
1434385808.9273696
1434385862.5085206
1434385875.712082
1434385889.9884405
1434385721.3164685
1434385990.3263323
1434385886.905217
1434385972.2290242
1434385843.5779657
1434385886.3353748
1434385929.817121
1434385864.3272476
1434385886.6002452
1434385949.6607378
1434385843.4338753
1434385886.2586646
1434385919.748205
1429727406.1079738
1429727475.8223753
1429727440.5341103
1429727468.1952877
1429727440.7598145
1429727328.8802874
1429727028.043079
1429727406.1079738
1429727555.1414535
1429727351.2065985
1429727405.379057
1429727477.4519274
1429727377.515863
1429727405.7182868
1429727514.6829534
1429727351.0300374
1429727405.2805996
1429727459.947668
1425540391.4307823
1425540320.9843335
1425540369.8944438
1425540383.5683148
1425540395.8113275
1425540231.5921946
1425540471.6293402
1425540391.4307823
1425540478.8123586
1425540348.4569662
1425540390.8812509
1425540435.1379583
1425540369.0563896
1425540391.1371431
1425540455.5895178
1425540348.2777333
1425540390.8072453
1425540424.8162951
1420525656.5943763
1420525739.3977213
1420525696.0142992
1420525724.6606565
1420525693.6469777
1420525588.3498602
1420525237.7048366
1420525656.5943763
1420525809.8929813
1420525601.7493682
1420525655.8839388
1420525729.6845155
1420525628.0594378
1420525656.2152476
1420525768.1445124
1420525601.5280333
1420525655.7879229
1420525711.6704094
1415847945.394356
1415847879.8732002
1415847925.656223
1415847939.5055087
1415847950.4674227
1415847789.9097395
1415848011.0765176
1415847945.394356
1415848033.5365205
1415847903.1139522
1415847944.8719597
1415847989.300182
1415847923.4023485
1415847945.115713
1415848010.0116336
1415847902.8955185
1415847944.8015826
1415847978.875236
1410553349.9515102
1410553441.9236228
1410553392.7758598
1410553421.989158
1410553388.5202193
1410553288.441703
1410552903.2468083
1410553349.9515102
1410553505.6702733
1410553295.5887866
1410553349.267247
1410553423.9471338
1410553321.6973178
1410553349.587063
1410553463.1382096
1410553295.3195443
1410553349.17472
1410553405.6366713
1405515580.352981
1405515518.23155
1405515561.7874436
1405515575.6298416
1405515585.755233
1405515428.4417439
1405515636.6531208
1405515580.352981
1405515668.460793
1405515538.9925542
1405515579.8624864
1405515624.0895956
1405515558.8621066
1405515580.091863
1405515644.8471913
1405515538.7320905
1405515579.7963831
1405515613.6521926
1400073279.3138702
1400073376.9187598
1400073324.116647
1400073353.524077
1400073318.6107018
1400073222.5003784
1400072816.4745047
1400073279.3138702
1400073435.8175876
1400073225.7949765
1400073278.6620064
1400073353.4741526
1400073251.5290418
1400073278.967398
1400073392.9519858
1400073225.4764354
1400073278.5738187
1400073335.0562658
1394836977.8259275
1394836918.17391
1394836960.050999
1394836973.7716403
1394836983.3336916
1394836829.0209432
1394837027.8820865
1394836977.8259275
1394837065.4062183
1394836937.5295339
1394836977.370356
1394837021.1653326
1394836956.9109864
1394836977.5839021
1394837041.8349397
1394836937.225703
1394836977.308939
1394837010.7712393
1389376930.7010117
1389377031.115661
1389376976.3502476
1389377005.6576893
1389376970.1053863
1389376876.9479463
1389376461.005892
1389376930.7010117
1389377086.709004
1389376878.2950668
1389376930.08589
1389377004.449609
1389376903.5247736
1389376930.374768
1389377043.8633165
1389376877.9274294
1389376930.0026374
1389376986.0719645
1383869971.4184563
1383870070.7908478
1383870016.6117756
1383870045.692591
1383870010.4901934
1383869917.4987605
1383869505.7360554
1383869971.4184563
1383870126.56835
1383869919.3618133
1383869970.811258
1383870044.7565792
1383869944.4247777
1383869971.09644
1383870083.9019322
1383869919.0043373
1383869970.7291086
1383870026.453917
1378670039.1000857
1378669981.4721088
1378670021.9074147
1378670035.3422577
1378670044.5138965
1378669893.9886386
1378670084.8273518
1378670039.1000857
1378670125.5236154
1378670000.1942205
1378670038.687397
1378670081.7317226
1378670018.9305742
1378670038.8813243
1378670102.1218123
1378669999.8531406
1378670038.6317651
1378670071.4355478
1373379540.3775096
1373379640.568643
1373379585.6272182
1373379614.4068384
1373379579.1312902
1373379488.338922
1373379074.3204634
1373379540.3775096
1373379694.1654718
1373379489.5936947
1373379539.8091633
1373379612.919682
1373379514.0734072
1373379540.0767436
1373379651.7601876
1373379489.188675
1373379539.7322412
1373379594.757133
1368233975.6445978
1368233919.522138
1368233958.8533118
1368233972.0534558
1368233980.9444706
1368233833.0987465
1368234018.3241518
1368233975.6445978
1368234061.0745268
1368233937.9138472
1368233975.2686644
1368234017.6698756
1368233956.1059752
1368233975.4457448
1368234037.8393211
1368233937.5304942
1368233975.217973
1368234007.468933
1363092258.8510177
1363092358.4304283
1363092303.592877
1363092331.92775
1363092296.9849818
1363092207.853123
1363091797.0521169
1363092258.8510177
1363092410.6653752
1363092209.4468143
1363092258.322772
1363092330.327789
1363092233.289846
1363092258.572071
1363092368.6915743
1363092208.996313
1363092258.2512522
1363092312.3754642
1358076859.5811677
1358076804.7086604
1358076843.0913684
1358076856.0301497
1358076864.7148728
1358076719.4390514
1358076900.032725
1358076859.5811677
1358076943.915908
1358076823.0369127
1358076859.241879
1358076900.9575093
1358076840.6775844
1358076859.4020803
1358076920.8745112
1358076822.6128752
1358076859.1961179
1358076890.8626537
1353126129.4788344
1353126227.516446
1353126173.3511026
1353126201.1511242
1353126166.803872
1353126078.9645588
1353125674.9125097
1353126129.4788344
1353126278.9439015
1353126081.5061328
1353126128.9909375
1353126199.7282524
1353126104.6851375
1353126129.2217388
1353126237.5070899
1353126081.0126169
1353126128.9248593
1353126182.0289564
1348286985.342909
1348286931.5461407
1348286969.0891755
1348286981.7519288
1348286990.2800982
1348286847.4742904
1348287024.1021137
1348286985.342909
1348287068.5327833
1348286949.9769185
1348286985.039678
1348287026.0525053
1348286967.0681891
1348286985.18319
1348287045.6990302
1348286949.514167
1348286984.9987721
1348287016.0687857
1343548909.6565244
1343549005.5811913
1343548952.442058
1343548979.6553538
1343548946.063738
1343548859.2718275
1343548464.1119657
1343548909.6565244
1343549056.5640612
1343548863.1292176
1343548909.2085533
1343548978.5925775
1343548885.635029
1343548909.4209573
1343549015.723705
1343548862.5953367
1343548909.1478643
1343548961.169771
1338910374.098392
1338910321.2552557
1338910358.0373104
1338910370.4171605
1338910378.8226745
1338910238.3934135
1338910411.519274
1338910374.098392
1338910456.1267498
1338910339.8900962
1338910373.8303397
1338910414.1390982
1338910356.4399295
1338910373.9574926
1338910433.5060186
1338910339.390767
1338910373.7941737
1338910404.2678883
1334392689.2883022
1334392782.7747025
1334392730.8685303
1334392757.4693677
1334392724.723168
1334392638.818022
1334392253.7460353
1334392689.2883022
1334392833.5434144
1334392644.1953468
1334392688.8794093
1334392756.8760884
1334392666.0308282
1334392689.07372
1334392793.3278108
1334392643.6237504
1334392688.8240001
1334392739.7402213
1329964446.4489064
1329964394.4712095
1329964430.5512424
1329964442.6463852
1329964450.9527698
1329964312.8117127
1329964482.7685165
1329964446.4489064
1329964527.3198164
1329964413.3703718
1329964446.2149878
1329964485.8282757
1329964429.3903327
1329964446.3261955
1329964504.9122577
1329964412.8366492
1329964446.1834247
1329964476.068725
1325666057.4041927
1325666148.2897415
1325666097.7253888
1325666123.7052
1325666091.8477616
1325666006.7250953
1325665632.311963
1325666057.4041927
1325666198.9858449
1325666013.7189474
1325666057.033284
1325666123.6419146
1325666034.894585
1325666057.2099273
1325666159.40297
1325666013.1122086
1325666056.98301
1325666106.794946
1321448485.1850917
1321448434.0069206
1321448469.430777
1321448481.2426257
1321448489.4665985
1321448353.5299482
1321448520.564676
1321448485.1850917
1321448564.91532
1321448453.2043185
1321448484.9841785
1321448523.9164906
1321448468.7080262
1321448485.0799003
1321448542.717896
1321448452.6383355
1321448484.95707
1321448514.2663891
1317363041.467326
1317363129.6942906
1317363080.5172534
1317363105.8784935
1317363074.9232113
1317362990.5154638
1317362626.9319348
1317363041.467326
1317363180.4010916
1317362999.1539254
1317363041.1331756
1317363106.373849
1317363019.6847885
1317363041.2926483
1317363141.4460654
1317362998.5144775
1317363041.0878737
1317363089.8124828
1313266358.402881
1313266445.866745
1313266397.1230798
1313266422.3153124
1313266391.6182065
1313266307.3508549
1313265946.7964132
1313266358.402881
1313266496.7058058
1313266316.3348196
1313266358.0739946
1313266423.0107088
1313266336.7471488
1313266358.2309563
1313266457.8815317
1313266315.7039285
1313266358.0294225
1313266406.5035248
1309310483.2829144
1309310432.9574478
1309310467.682519
1309310479.1453698
1309310487.3004925
1309310354.185825
1309310517.799805
1309310483.2829144
1309310561.6525066
1309310452.5356207
1309310483.1180234
1309310521.25648
1309310467.455759
1309310483.196746
1309310539.6955817
1309310451.944429
1309310483.0957887
1309310511.7281988
1305480222.6239653
1305480307.5111876
1305480260.117582
1305480284.7110019
1305480254.888422
1305480171.3079627
1305479821.2104175
1305480222.6239653
1305480358.376034
1305480181.8717828
1305480222.3302002
1305480285.9523578
1305480201.6640255
1305480222.4706833
1305480320.1564658
1305480181.2103426
1305480222.2903798
1305480269.7197804
1301715871.5818734
1301715821.9660783
1301715856.1025171
1301715867.2932987
1301715875.385684
1301715744.3006625
1301715905.331823
1301715871.5818734
1301715948.8749518
1301715841.8550844
1301715871.4474232
1301715908.9487405
1301715856.292786
1301715871.5117397
1301715927.1153784
1301715841.235538
1301715871.4293003
1301715899.5226498
1298074193.8998072
1298074276.2401268
1298074230.1882834
1298074254.1942453
1298074225.2346926
1298074142.306276
1298073802.5078928
1298074193.8998072
1298074327.1621432
1298074154.4225817
1298074193.639917
1298074255.982777
1298074173.6126056
1298074193.764443
1298074289.5325882
1298074153.7326803
1298074193.6046824
1298074240.017539
1294492645.6309543
1294492596.6885507
1294492630.2640762
1294492641.1878512
1294492649.2252054
1294492520.098569
1294492678.6803296
1294492645.6309543
1294492721.8763592
1294492616.8912697
1294492645.5258427
1294492682.4093523
1294492630.8612204
1294492645.5762198
1294492700.3081398
1294492616.2451522
1294492645.5116851
1294492673.0821161
1291029204.7358127
1291029284.5890782
1291029239.8520296
1291029263.2849019
1291029235.1683047
1291029152.868571
1291028823.0996647
1291029204.7358127
1291029335.5812984
1291029166.4912624
1291029204.5085557
1291029265.612273
1291029185.097743
1291029204.6176503
1291029298.52382
1291029165.7748444
1291029204.477741
1291029249.9058335
1287620759.5680807
1287620711.2683647
1287620744.3071434
1287620754.969527
1287620762.9578996
1287620635.7218337
1287620791.966477
1287620759.5680807
1287620834.7959936
1287620731.7825944
1287620759.491236
1287620795.7766285
1287620745.2993631
1287620759.5281317
1287620813.4128401
1287620731.1115713
1287620759.4809012
1287620786.5448182
1284325039.9038646
1284325117.3470886
1284325073.8870187
1284325096.7627978
1284325069.4642313
1284324987.7769186
1284324667.705245
1284325039.9038646
1284325168.4111996
1284325002.849644
1284325039.7080283
1284325099.614984
1284325020.891438
1284325039.8022103
1284325131.9062226
1284325002.1085007
1284325039.6814713
1284325084.1581712
1281079722.9035585
1281079675.2197895
1281079707.7433987
1281079718.1502898
1281079726.0945513
1281079600.6845071
1281079754.6894925
1281079722.9035585
1281079797.1445231
1281079696.0402231
1281079722.8539455
1281079758.560802
1281079709.1180668
1281079722.8778055
1281079775.940058
1281079695.345835
1281079722.8472955
1281079749.420993
1277941424.8184338
1277941499.93757
1277941457.7107563
1277941480.0461764
1277941453.538216
1277941372.451412
1277941061.7136009
1277941424.8184338
1277941551.0684276
1277941388.9129074
1277941424.652844
1277941483.4059665
1277941406.40866
1277941424.7326195
1277941515.0957744
1277941388.1486847
1277941424.6303866
1277941468.1894405
1274849399.3604288
1274849352.2687075
1274849384.296769
1274849394.4541793
1274849402.3584094
1274849278.7128541
1274849430.5650084
1274849399.3604288
1274849472.644673
1274849373.3882496
1274849399.3370554
1274849434.4845183
1274849386.041026
1274849399.3483095
1274849451.612632
1274849372.6719286
1274849399.3339574
1274849425.4333775
1271858653.1903746
1271858726.075236
1271858685.0351143
1271858706.8471417
1271858681.1013234
1271858600.6057599
1271858298.8265333
1271858653.1903746
1271858777.2636974
1271858618.3930624
1271858653.053902
1271858710.695676
1271858635.360994
1271858653.119761
1271858741.8031948
1271858617.6072867
1271858653.0353932
1271858695.7101543
1268910448.1683939
1268910401.6469557
1268910433.1975749
1268910443.1115437
1268910450.9791975
1268910329.0394857
1268910478.8176906
1268910448.1683939
1268910520.5255
1268910423.0575337
1268910448.1703095
1268910482.7769508
1268910435.2986352
1268910448.1693733
1268910499.6597729
1268910422.3206065
1268910448.1706367
1268910473.811242
1101203918.5771592
1101202610.4057658
1101203445.2663827
1101203343.8818274
1101203682.3740563
1101203421.3531282
1101207734.4635086
1101203918.5771592
1101203431.016096
1101204007.0713542
1101203920.3349702
1101203708.1859822
1101203962.4976943
1101203919.4591367
1101203590.2097259
1101204000.484329
1101203920.556128
1101203773.5620806
808525678.8618906
808525687.6927956
808525682.3054267
808525688.261019
808525684.5348816
808525637.670777
808525584.6940163
808525678.8618906
808525733.0263208
808525669.0112416
808525679.1977725
808525702.9461675
808525673.9334458
808525679.0309135
808525714.2895907
808525668.3056445
808525679.2408792
808525695.1587932
678308793.3526055
678307900.6289116
678308489.8593774
678308429.9889234
678308646.8953707
678308556.740201
678311244.6787746
678308793.3526055
678308465.2593478
678308851.8784728
678308794.5893943
678308653.9268684
678308821.4611938
678308793.9468417
678308583.7415833
678308844.2964321
678308794.7363485
678308702.3718086
539595168.9336993
539595205.0079988
539595180.5295302
539595185.3442487
539595176.0270782
539595156.2543851
539595031.2437583
539595168.9336993
539595202.6230737
539595161.545697
539595169.1298203
539595183.8395154
539595165.2224641
539595169.0319428
539595191.5943717
539595161.2918581
539595169.1544063
539595179.1696004
471021764.7653376
471021237.8688496
471021577.76640135
471021541.7556425
471021668.93716043
471021662.98922515
471023210.7852413
471021764.7653376
471021562.0723238
471021798.3953126
471021765.4931494
471021672.3139904
471021781.6658961
471021765.1240951
471021631.34306747
471021794.5793377
471021765.579342
471021702.7468172
418318182.8007997
418318199.38863075
418318187.7262831
418318190.4737129
418318186.00319016
418318173.7500601
418318113.418939
418318182.8007997
418318195.2032563
418318175.629605
418318182.8578944
418318188.72958326
418318179.10521936
418318182.82882607
418318192.58184844
418318175.7299556
418318182.86644197
418318187.45835245
360342581.29894507
360342566.979362
360342574.13073885
360342572.76554954
360342576.5856763
360342572.2884532
360342612.6591919
360342581.29894507
360342569.666391
360342580.5403805
360342581.49595475
360342575.48605067
360342580.7526329
360342581.39762133
360342574.33388704
360342580.16481173
360342581.5210029
360342577.6948098
313553859.6863203
313553692.12369365
313553796.17675626
313553783.6534364
313553823.7494712
313553833.0220985
313554314.39808285
313553859.6863203
313553789.2244994
313553874.27080226
313553860.32619387
313553824.6333788
313553866.67480654
313553859.973981
313553810.92503965
313553872.61301553
313553860.4022696
313553835.2522935
287738486.0719957
287738285.02150774
287738411.8830637
287738404.7281018
287738448.9085633
287738455.34987056
287739003.80016094
287738486.0719957
287738435.4007003
287738487.01839495
287738486.26694244
287738461.1303377
287738486.21154517
287738486.1585807
287738452.2034498
287738486.344293
287738486.29174733
287738469.282759
284124910.7326442
284124897.08835196
284124907.35021645
284124910.6865811
284124912.0637285
284124900.01906633
284124913.32651556
284124910.7326442
284124927.26798105
284124899.4100077
284124910.7823984
284124919.968737
284124904.67003274
284124910.75474507
284124923.5974579
284124899.59790385
284124910.7889942
284124917.82653004
273341545.97580135
273341344.0512011
273341469.6046866
273341461.12038314
273341505.7871353
273341517.7908443
273342076.8637389
273341545.97580135
273341482.7299426
273341555.66345805
273341546.37099403
273341513.87839067
273341550.48088455
273341546.1548625
273341502.83517057
273341554.02322036
273341546.42002046
273341524.02650934
268913309.0349628
268913299.1011169
268913306.2756401
268913307.05597615
268913309.03300303
268913300.7638006
268913312.3789258
268913309.0349628
268913316.5112525
268913304.96614045
268913309.26020336
268913313.7273561
268913306.4571439
268913309.13755375
268913314.8076847
268913304.41287065
268913309.2882083
268913312.6350025
264066391.61322927
264066294.22867888
264066354.8998245
264066350.69957957
264066372.40332168
264066375.26341593
264066638.88429523
264066391.61322927
264066362.69776398
264066396.94756138
264066391.99083427
264066377.23258063
264066393.82064924
264066391.78429073
264066371.9787148
264066395.52769825
264066392.03742167
264066381.88865203
262366367.77189228
262366362.51797736
262366366.49105227
262366366.38497275
262366367.89296782
262366360.86866304
262366362.81856206
262366367.77189228
262366372.68159723
262366366.4850376
262366368.0670266
262366371.1585352
262366366.5544266
262366367.9058074
262366371.4718994
262366365.59090868
262366368.10335007
262366370.34540874
260517346.40143186
260517286.40809643
260517323.90728667
260517320.90399453
260517334.6254173
260517334.41573742
260517493.2849417
260517346.40143186
260517328.84679484
260517350.83815235
260517346.78787082
260517337.98868048
260517348.09787807
260517346.57560754
260517334.53838444
260517349.37867782
260517346.8352433
260517340.7959098
259829997.64771086
259829996.2638143
259829997.67300135
259829997.12226233
259829998.1024221
259829991.6028562
259829984.56632617
259829997.64771086
259830001.62394875
259829997.856871
259829997.98149863
259830000.55909622
259829997.16171876
259829997.79831323
259830000.54119432
259829996.75576863
259829998.0223695
259829999.82734296
228833052.7137538
228832463.0394664
228832835.066285
228832850.8199645
228832948.02260274
228832998.159814
228834483.15460688
228833052.7137538
228832863.37385854
228833086.89994827
228833053.41945404
228832947.41039726
228833071.1390749
228833053.06871733
228832937.8515803
228833079.4433447
228833053.4919045
228832988.6371058
200815737.58288652
200816094.5523822
200815867.50751916
200815854.877083
200815797.83859676
200815767.56265876
200814876.39589146
200815737.58288652
200815839.39295128
200815724.7229178
200815738.00349376
200815794.53516686
200815729.98211047
200815737.79465434
200815798.96538883
200815725.5308003
200815738.0382126
200815772.08684
190376815.53172266
190376820.64209634
190376816.00271687
190376813.07071686
190376813.78898013
190376814.6915
190376809.95683372
190376815.53172266
190376801.22115898
190376824.7926432
190376816.32928413
190376807.99983355
190376820.06793427
190376815.93314517
190376807.0960891
190376821.44058073
190376816.39418742
190376811.1386551
186118086.9749482
186118181.4756412
186118120.22398633
186118114.95132044
186118101.04537126
186118093.48557085
186117864.4078712
186118086.9749482
186118104.4886086
186118089.26421207
186118087.64230528
186118097.0940963
186118087.6902225
186118087.30815646
186118097.54967245
186118087.16302145
186118087.6945491
186118093.13411313
248107514.18587118
170870608.04324856
170870509.52576476
170870571.62778926
170870574.424075
170870590.58272892
170870598.0044256
170870841.189701
170870608.04324856
170870572.84958276
170870615.70120123
170870608.75619218
170870588.86002293
170870611.84240425
170870608.40898147
170870587.77296305
170870612.69000837
170870608.8090489
170870596.93209663
169611606.99248856
169611619.5028068
169611611.83161288
169611610.6591281
169611609.12780508
169611605.1623523
169611571.0810302
169611606.99248856
169611610.12385184
169611606.6548195
169611607.55854216
169611609.32086682
169611606.3710979
169611607.28302938
169611609.21416315
169611605.32815242
169611607.60068136
169611608.53393427
169295334.02384922
169295325.6714605
169295331.05779883
169295330.51422197
169295332.36977205
169295330.75821683
169295349.2566876
169295334.02384922
169295329.25994268
169295335.80314454
169295334.6399033
169295331.9293595
169295334.5526259
169295334.33850485
169295331.5958292
169295333.99440747
169295334.68559518
169295332.96213698
168621614.34257093
168621645.14362022
168621625.90009025
168621623.89811975
168621619.55206537
168621613.96682528
168621534.98843002
168621614.34257093
168621623.12476522
168621613.31052792
168621614.90760508
168621619.8512502
168621613.31935287
168621614.63057214
168621619.81352717
168621612.08527294
168621614.94915748
168621617.71992102
168448798.52125454
168448803.4088841
168448800.40794957
168448799.2249762
168448799.0610176
168448796.362754
168448782.4732166
168448798.52125454
168448797.52362096
168448800.10979757
168448799.148279
168448798.55344868
168448798.9235234
168448798.84009346
168448798.26719522
168448798.27964228
168448799.19417313
168448798.6961073
153330789.2677863
153331045.2526405
153330876.29503196
153330861.83564413
153330826.29912025
153330804.22214675
153330216.94821537
153330789.2677863
153330873.67177695
153330772.91365382
153330789.62141886
153330835.2112759
153330780.3637089
153330789.4331057
153330833.96670803
153330775.6007582
153330789.64169523
153330813.50121194
148726849.40060374
148726847.1683226
148726849.51521286
148726849.1545769
148726849.70058897
148726846.56119436
148726845.94684806
148726849.40060374
148726853.2005609
148726848.74905545
148726850.02327925
148726852.18672222
148726848.54820752
148726849.69163084
148726851.61299503
148726847.18511522
148726850.0580459
148726850.90574938
148548175.9261964
148548148.9649104
148548167.65157658
148548168.46753547
148548172.57398325
148548171.54337844
148548227.82424402
148548175.9261964
148548170.83881813
148548177.6887799
148548176.60550717
148548173.974174
148548176.29048452
148548176.2427743
148548173.43794665
148548175.41976637
148548176.64323813
148548174.9395071
148446832.68695775
148446828.8281003
148446832.20948255
148446831.79169884
148446832.65167156
148446829.85383692
148446833.47814712
148446832.68695775
148446835.11490497
148446832.87504467
148446833.33720854
148446834.75762153
148446832.24663168
148446832.98997393
148446834.15717292
148446831.03467226
148446833.37326178
148446833.81411526
141658120.3752748
141658064.67918354
141658103.12505862
141658104.41679326
141658113.00531682
141658114.81977803
141658235.6729496
141658120.3752748
141658102.52040437
141658126.7445762
141658121.19153428
141658112.14190435
141658122.59703696
141658120.70586684
141658110.94616774
141658123.4765259
141658121.2436354
141658116.07412487
141354942.74940938
141354948.51796532
141354945.49795815
141354943.62520355
141354943.70605618
141354941.21676132
141354925.7651761
141354942.74940938
141354944.49210685
141354944.99237287
141354943.48745131
141354944.74989584
141354943.0363043
141354943.04857957
141354943.61130688
141354942.72398186
141354943.5345704
141354943.77082583
189361067.3855495
134703473.67583057
134703473.4986162
134703474.37934268
134703473.17239636
134703473.80788815
134703472.08251905
134703470.68477777
134703473.67583057
134703472.91686875
134703475.67554653
134703474.38160077
134703474.28106195
134703473.89539328
134703473.9625423
134703473.39324352
134703473.3546944
134703474.4193843
134703473.97857767
128748493.92168571
128748823.54943338
128748589.91341832
128748561.06014295
128748526.45158523
128748512.46136564
128747867.49168122
128748493.92168571
128748586.644414
128748478.04596631
128748494.32030633
128748542.3893783
128748485.98660685
128748494.07791388
128748534.2665982
128748481.49862212
128748494.3324474
128748514.68368606
122824722.6939304
122824723.07964446
122824723.69180037
122824722.51021416
122824722.91324615
122824721.50410603
122824719.2004864
122824722.6939304
122824722.88466582
122824724.86717612
122824723.40536562
122824723.85034078
122824722.94998085
122824722.9726838
122824722.86091547
122824722.07750866
122824723.42601715
122824723.13643065
118533104.55749762
118533396.91551653
118533184.322253
118533154.26718538
118533127.98060422
118533119.94377188
118532584.906121
118533104.55749762
118533185.43118097
118533090.32107921
118533104.96218875
118533145.72371508
118533097.70652363
118533104.70575799
118533135.51946728
118533093.9210245
118533104.96714489
118533119.9002753
114325437.96641198
114325437.64447695
114325438.90386188
114325438.00363742
114325438.19550858
114325436.85340238
114325435.38068435
114325437.96641198
114325439.90198536
114325439.18646505
114325438.63914174
114325439.9808013
114325437.76192029
114325438.21281743
114325438.7875474
114325436.53125893
114325438.64608921
114325438.59985612
114197506.37645341
114197480.16734257
114197500.33335012
114197501.86746302
114197504.50483412
114197503.93621296
114197550.14427614
114197506.37645341
114197500.2648308
114197509.78812972
114197507.10019644
114197504.45636915
114197507.0892508
114197506.64060706
114197504.12849808
114197506.18934931
114197507.10736623
114197505.55112202
113759347.71015495
113759384.7854922
113759358.74132515
113759353.94529891
113759350.84937829
113759348.74609648
113759279.42343418
113759347.71015495
113759359.30267659
113759347.44442894
113759348.36284114
113759354.56333093
113759346.84559797
113759347.94773313
113759352.16997783
113759345.33960342
113759348.36906074
113759350.14134365
113636585.52388413
113636596.1665247
113636589.4264303
113636587.15219656
113636586.53595732
113636585.20776205
113636564.51317114
113636585.52388413
113636588.88117795
113636587.5151822
113636586.22994164
113636588.34953704
113636585.60371092
113636585.78028625
113636586.87407343
113636584.42881282
113636586.2363531
113636586.47872388
111656909.27605483
111656553.1842742
111656813.38756457
111656858.57885686
111656885.1476739
111656889.57162352
111657513.93033159
111656909.27605483
111656816.42273195
111656929.95633228
111656910.26707458
111656863.17837125
111656917.33362405
111656909.63040502
111656878.64556006
111656918.08345972
111656910.2573763
111656894.24382761
105030876.05482846
105030881.74210548
105030878.91737235
105030877.03028776
105030876.69143412
105030875.2976203
105030862.67738938
105030876.05482846
105030881.48502247
105030876.67561598
105030876.67570423
105030880.02041554
105030875.51471289
105030876.27647942
105030877.85891555
105030874.08573255
105030876.67064251
105030877.11802424
104832666.18293115
104832634.11412379
104832658.73806787
104832661.68818635
104832664.2339106
104832663.58737779
104832717.8937378
104832666.18293115
104832660.06303908
104832669.94589502
104832666.87635463
104832664.33765876
104832666.95606397
104832666.42925805
104832664.25754084
104832665.808218
104832666.8700741
104832665.44502163
102429104.02518904
102429165.72958831
102429122.1663599
102429112.3893313
102429108.18913391
102429106.2989597
102428996.48732097
102429104.02518904
102429123.47488812
102429102.44112486
102429104.59531955
102429115.2031058
102429102.51133206
102429104.22235827
102429110.12390223
102429100.82621908
102429104.58957054
102429107.22113565
102233544.3248547
102233559.7813465
102233549.88095659
102233546.26182714
102233545.47679096
102233544.3602343
102233516.03440922
102233544.3248547
102233549.57887578
102233546.64453496
102233544.98787282
102233548.39867933
102233544.41811101
102233544.55348317
102233546.07066622
102233543.03833
102233544.98014015
102233545.44406608
96827044.75532816
96826777.72553551
96826973.1216504
96827014.48236899
96827030.27191594
96827031.82733706
96827481.98515107
96827044.75532816
96826978.01000422
96827060.46981198
96827045.62245561
96827011.87741938
96827050.27558078
96827045.03824587
96827026.82865347
96827049.70520788
96827045.59503718
96827036.01978785
92918078.90499935
92918044.14349866
92918070.949848
92918075.15310025
92918077.17212658
92918076.63749693
92918132.96665578
92918078.90499935
92918074.39594641
92918082.04900236
92918079.53227429
92918077.99155335
92918079.27119358
92918079.10765053
92918077.71253273
92918077.93120076
92918079.51419157
92918078.4039845
92874329.87566726
92874327.50063536
92874330.79980049
92874329.75763345
92874329.89185598
92874329.1135014
92874330.67414649
92874329.87566726
92874333.89867936
92874331.347223
92874330.47345202
92874333.35403234
92874329.55831264
92874330.06879511
92874330.93498172
92874328.11836526
92874330.45652701
92874330.4863101
92669324.5937754
92669285.68943925
92669315.55058901
92669320.28159495
92669322.64809604
92669322.26870088
92669386.1394952
92669324.5937754
92669317.53122145
92669329.07475244
92669325.26079875
92669322.49219291
92669325.4640112
92669324.80789767
92669322.7752734
92669324.16223866
92669325.24104041
92669323.84982936
92612818.13419396
92612816.0338399
92612819.17625542
92612817.94735922
92612818.1725632
92612817.51902415
92612819.16975099
92612818.13419396
92612820.77154382
92612820.71196626
92612818.76762253
92612821.02234179
92612818.22915974
92612818.33753726
92612818.87421435
92612816.81096901
92612818.7491767
92612818.65171583
82372649.7087792
82372964.72999251
82372732.352684
82372672.80181548
82372659.87383294
82372662.43783118
82372164.8992553
82372649.7087792
82372740.50648536
82372629.49653803
82372649.6162985
82372695.71736757
82372641.71195695
82372649.68480393
82372667.13541795
82372640.03583975
82372649.63882531
82372657.3050378
78689342.62450257
78689339.7320533
78689342.7624282
78689342.79180598
78689342.21200491
78689341.30214022
78689341.87286715
78689342.62450257
78689353.0561252
78689338.30471654
78689342.82731633
78689348.36232732
78689340.38106555
78689342.67695364
78689344.42326468
78689339.25993131
78689342.83221202
78689343.01831104
78252324.82304509
78252240.636701
78252304.09991474
78252318.97090784
78252321.80726065
78252320.20281467
78252449.29261686
78252324.82304509
78252311.33185694
78252327.24680488
78252325.19598518
78252318.95721154
78252324.92342097
78252324.91896498
78252322.1263139
78252323.9009107
78252325.18990935
78252323.3193854
78015759.87489611
78015755.97201532
78015760.00458008
78015759.82318178
78015759.53705719
78015758.78981589
78015762.09341842
78015759.87489611
78015766.67930765
78015758.29671896
78015760.17385565
78015764.18767367
78015758.52761038
78015759.95178626
78015761.13288614
78015757.359443
78015760.17216018
78015760.19503596
77635954.16238835
77635906.1994396
77635942.97906101
77635950.83757344
77635952.40982457
77635951.2917866
77636024.27473834
77635954.16238835
77635947.97427836
77635956.2371065
77635954.54977694
77635952.1709735
77635954.08082476
77635954.26124762
77635952.97568849
77635952.97890139
77635954.54273345
77635953.45196842
77502174.90717244
77502180.87326427
77502177.72738293
77502175.50110625
77502174.94806077
77502174.37178023
77502162.64740495
77502174.90717244
77502182.86485898
77502174.01695038
77502175.23567349
77502179.98070493
77502173.76078188
77502174.99029733
77502176.46376733
77502172.55980909
77502175.2323916
77502175.44588947
77264181.91402148
77264150.19218253
77264175.05946511
77264179.70030825
77264180.74298635
77264179.84852505
77264227.72312836
77264181.91402148
77264178.78485483
77264184.13306001
77264182.31852753
77264181.61381991
77264181.83868104
77264182.01595381
77264181.3732929
77264180.70509155
77264182.31063752
77264181.57055733
77178659.11019525
77178647.36075503
77178657.44410172
77178658.35058422
77178658.60435708
77178657.9100221
77178674.41065338
77178659.11019525
77178661.21687055
77178660.23039982
77178659.49238177
77178661.4248034
77178658.64085938
77178659.20610231
77178659.58679529
77178657.46975738
77178659.48594204
77178659.22950023
76667461.81611301
76667396.98279104
76667446.47534786
76667457.11952147
76667459.6027409
76667458.44687402
76667558.81526484
76667461.81611301
76667448.46623655
76667467.11585678
76667462.29174647
76667456.60782523
76667462.77539524
76667461.93343875
76667459.35486354
76667461.74804588
76667462.28041406
76667460.69377902
76522644.5404647
76522642.48223728
76522645.54326193
76522644.3994791
76522644.42796828
76522643.93913615
76522645.93934499
76522644.5404647
76522647.0453608
76522646.71950334
76522644.95821583
76522647.28969188
76522644.38758957
76522644.64351398
76522645.19127445
76522643.21589012
76522644.95010364
76522644.84815256
76339882.9469278
76339852.38655831
76339876.61149569
76339880.68514709
76339881.91708282
76339881.17875846
76339928.20281541
76339882.9469278
76339877.17449619
76339887.36254327
76339883.41638881
76339881.66934575
76339883.55410975
76339883.06172894
76339882.0184685
76339882.46671039
76339883.40560275
76339882.58945055
76300471.66990177
76300463.30655156
76300471.11267224
76300471.0239469
76300471.37813516
76300470.86310546
76300483.02401023
76300471.66990177
76300471.72067145
76300474.86728732
76300472.11548184
76300473.30373321
76300471.84561588
76300471.7787135
76300471.87647443
76300470.703869
76300472.10605498
76300471.82689954
1265355151.6211114
69146740.32734498
69146641.36933039
69146715.78489362
69146734.6264345
69146737.64963593
69146735.42764433
69146886.53785144
69146740.32734498
69146717.6421897
69146746.83078946
69146740.64055865
69146730.18015017
69146741.68159798
69146740.39192787
69146736.7898202
69146741.01284194
69146740.64584248
69146738.72129706
68813500.89902276
68813499.26142347
68813501.73521315
68813500.7338903
68813500.71179883
68813500.20956376
68813502.0357595
68813500.89902276
68813502.60505702
68813502.60202959
68813501.11964862
68813503.01810461
68813500.64922445
68813500.94450568
68813501.4673204
68813499.75637168
68813501.1301031
68813501.1092792
68657790.97683752
68657752.50997965
68657782.34704031
68657788.66688468
68657789.91205797
68657788.80220039
68657847.5541432
68657790.97683752
68657782.05935824
68657795.5537568
68657791.2661161
68657787.9389661
68657791.64070298
68657791.0358383
68657789.83009402
68657790.84734726
68657791.27261834
68657790.512323
68582306.0881623
68582304.72380567
68582307.12166895
68582305.88777335
68582305.95828855
68582305.49263664
68582307.22421291
68582306.0881623
68582306.81611902
68582308.65450425
68582306.33647223
68582307.87682045
68582306.08566983
68582306.13864572
68582306.5465752
68582305.20291065
68582306.34533176
68582306.32066606
68440639.31091923
68440611.79582462
68440633.62728618
68440637.58671051
68440638.5595576
68440637.65985008
68440679.79629254
68440639.31091923
68440632.507302
68440643.90378372
68440639.60662162
68440637.44714922
68440639.94723712
68440639.37040181
68440638.55031799
68440639.14692543
68440639.61286375
68440639.06582603
68375967.71120238
68375968.04474524
68375969.27645855
68375967.57003509
68375967.6598459
68375967.24587187
68375966.59602185
68375967.71120238
68375968.1448747
68375970.79301341
68375967.97566926
68375969.46488224
68375967.8493093
68375967.76422934
68375968.15585198
68375966.9790546
68375967.98371324
68375967.98788501
62752475.66354869
62752531.69714808
62752491.211697005
62752478.092062496
62752476.63884188
62752477.57894236
62752393.59301425
62752475.66354869
62752491.65415188
62752475.202986635
62752475.724903084
62752484.91319285
62752474.754575826
62752475.672749564
62752478.33372755
62752473.92307072
62752475.75006753
62752476.806975916
62644796.55665594
62644795.942327656
62644797.797751784
62644796.310064994
62644796.39724507
62644796.041399546
62644796.20321269
62644796.55665594
62644798.73840183
62644798.80628355
62644796.67214474
62644799.02251265
62644796.441726334
62644796.57401
62644797.123652615
62644795.81476129
62644796.69425714
62644796.83668296
62590730.51391946
62590708.64855034
62590726.48860518
62590729.23653043
62590729.97255174
62590729.14514831
62590761.112101205
62590730.51391946
62590726.73234297
62590734.36152244
62590730.66854991
62590730.16854627
62590730.841257
62590730.53699953
62590730.21195907
62590730.316616625
62590730.68835684
62590730.48893653
62566304.77380692
62566298.11955945
62566304.58308218
62566304.215073206
62566304.53057214
62566304.04705991
62566313.37199779
62566304.77380692
62566304.844871074
62566307.818079665
62566304.9113214
62566306.310011394
62566304.86715861
62566304.79426951
62566305.050875895
62566304.2850619
62566304.932133704
62566304.98072445
71065838.47591415
60026003.85947449
60025964.908339314
60025995.003036514
60026002.121831246
60026003.07838708
60026001.80030394
60026059.11599004
60026003.85947449
60025994.781052835
60026007.70977315
60026003.87211129
60026000.44811695
60026004.33924215
60026003.86111567
60026002.94565382
60026004.03072133
60026003.905372
60026003.52731422
59964437.679516874
59964437.150008865
59964438.54359868
59964437.49918774
59964437.52203364
59964437.227390744
59964437.88319219
59964437.679516874
59964438.29827036
59964439.50829169
59964437.648545615
59964439.02267517
59964437.58865407
59964437.67536536
59964438.10449693
59964437.135374434
59964437.68428932
59964437.86619731
59905893.97823093
59905872.25079041
59905889.5832669
59905892.911135636
59905893.51576047
59905892.68200889
59905924.76505593
59905893.97823093
59905888.656859346
59905897.417846985
59905893.98848201
59905892.52218518
59905894.31649708
59905893.97953352
59905893.6113735
59905893.96686574
59905894.02170514
59905893.905577965
59856313.02287034
59856314.884190485
59856314.59145313
59856312.91220433
59856312.94221558
59856312.713821016
59856310.01689817
59856313.02287034
59856313.65441659
59856315.21548131
59856313.00507891
59856314.480808124
59856313.01135916
59856313.020505264
59856313.47845717
59856312.57238279
59856313.03993122
59856313.26778965
59809079.25769614
59809064.6476186
59809076.73968421
59809078.45810176
59809078.93999885
59809078.29147134
59809100.00516606
59809079.25769614
59809075.29068238
59809082.688715845
59809079.27141795
59809078.5487085
59809079.57434427
59809079.259427525
59809079.09859793
59809079.21900319
59809079.304354385
59809079.30130602
59781754.394121565
59781756.61247992
59781756.129952595
59781754.27650421
59781754.34813881
59781754.132074736
59781751.03685093
59781754.394121565
59781754.67517362
59781756.93595732
59781754.38800353
59781755.76354039
59781754.4623506
59781754.39329
59781754.82218198
59781754.04144074
59781754.42207689
59781754.663956255
58353147.35187489
58353132.662028134
58353145.048694655
58353146.48889793
58353147.09362868
58353146.45869563
58353167.86281312
58353147.35187489
58353143.80578418
58353151.28881818
58353147.35487608
58353147.06009869
58353147.743891954
58353147.352159284
58353147.19233652
58353147.497393675
58353147.389110945
58353147.49173975
58339848.97493872
58339846.25048455
58339849.69756875
58339848.57498342
58339848.897449754
58339848.58167715
58339852.50178527
58339848.97493872
58339848.42069858
58339852.28874674
58339848.96419667
58339850.15095838
58339849.199242964
58339848.973709725
58339849.221488014
58339848.89919814
58339848.99916995
58339849.267864324
56361952.80279352
56361920.18428046
56361945.80782531
56361951.482517414
56361952.31628249
56361951.286162846
56361998.02716491
56361952.80279352
56361945.6649968
56361956.94673628
56361952.80264362
56361950.57700864
56361953.26413092
56361952.80270003
56361952.11753255
56361953.1618956
56361952.8339909
56361952.69110811
56329379.06282066
56329378.376505956
56329380.1578317
56329378.84472936
56329379.001459844
56329378.889279984
56329379.68506718
56329379.06282066
56329379.55770136
56329381.69930706
56329379.03079314
56329380.60791313
56329379.136722706
56329379.05982289
56329379.37087613
56329378.887522906
56329379.06375551
56329379.32213114
54714694.29330578
54714597.472324215
54714669.58601533
54714691.19462785
54714693.03107009
54714690.1689303
54714829.61559067
54714694.29330578
54714672.60229407
54714700.45867237
54714694.34735814
54714684.35393614
54714695.30501232
54714694.29330578
54714691.76491301
54714695.561481535
54714694.36952191
54714693.39410032
54421032.65265538
54421031.596028805
54421033.30179784
54421032.56241943
54421032.51496295
54421032.580045
54421033.65177224
54421032.65265538
54421033.98796579
54421034.25972668
54421032.60919822
54421034.31723762
54421032.55705154
54421032.65265538
54421032.94229122
54421032.346678376
54421032.63616654
54421032.7770735
54420946.30855513
54420946.8957066
54420947.393587895
54420946.26991705
54420946.1904661
54420946.305832505
54420945.00359448
54420946.30855513
54420948.03468212
54420947.84007841
54420946.26351495
54420948.17072898
54420946.19449314
54420946.30855513
54420946.64624977
54420945.97630366
54420946.29056038
54420946.45070239
54420791.29285583
54420789.68098328
54420791.79631737
54420791.18501881
54420791.14918655
54420791.19723545
54420793.07378185
54420791.29285583
54420792.48657791
54420792.93154389
54420791.25014522
54420792.88738071
54420791.204712674
54420791.29285583
54420791.56554978
54420790.99742667
54420791.27707516
54420791.41164916
54420692.23505108
54420692.38409519
54420693.20521864
54420692.18251577
54420692.11227932
54420692.21420173
54420691.5471424
54420692.23505108
54420693.84897298
54420693.79183623
54420692.19061079
54420694.04178127
54420692.12693952
54420692.23505108
54420692.5593419
54420691.91120884
54420692.21762526
54420692.37278001
54420409.1513251
54420406.3392403
54420409.339543484
54420409.00548501
54420408.99459858
54420409.00584676
54420412.621460676
54420409.1513251
54420410.041017875
54420410.85703816
54420409.11018307
54420410.595104024
54420409.07904424
54420409.1513251
54420409.38754635
54420408.878335245
54420409.13703259
54420409.257877864
54420175.98908258
54420175.87853384
54420176.89307878
54420175.92810783
54420175.86432186
54420175.958225556
54420175.67110168
54420175.98908258
54420177.52484025
54420177.56825016
54420175.94525579
54420177.75890978
54420175.885987975
54420175.98908258
54420176.30456672
54420175.67225811
54420175.972236864
54420176.12463316
54419321.73378784
54419316.548018344
54419321.30179707
54419321.51244676
54419321.55260026
54419321.49098661
54419328.55217328
54419321.73378784
54419322.00195761
54419323.58485617
54419321.69619481
54419322.87239196
54419321.69545266
54419321.73378784
54419321.896378085
54419321.508691594
54419321.72285919
54419321.81688854
54401775.63338552
54401765.98574623
54401774.08377883
54401775.26681012
54401775.41086564
54401775.21068704
54401788.76300128
54401775.63338552
54401774.678311065
54401777.805342846
54401775.60416559
54401776.21883183
54401775.63338552
54401775.63338552
54401775.6531672
54401775.51165424
54401775.63033038
54401775.67656645
54399098.04123229
54399097.546939276
54399098.81139591
54399097.961963534
54399097.926435076
54399098.00646716
54399098.3342717
54399098.04123229
54399099.28120556
54399099.78083781
54399098.00279371
54399099.62873854
54399098.04123229
54399098.04123229
54399098.32995796
54399097.769909285
54399098.02940929
54399098.18240092
54389079.141648896
54389072.238067925
54389078.498960786
54389078.83953356
54389078.985210344
54389078.86498563
54389088.58950068
54389079.141648896
54389078.403588824
54389081.61002227
54389079.14700322
54389080.014505304
54389079.141648896
54389079.141648896
54389079.20862677
54389079.060513295
54389079.1697428
54389079.24194764
54387698.59137372
54387698.259204485
54387699.61550441
54387698.49557661
54387698.51231855
54387698.59333196
54387698.82196451
54387698.59137372
54387699.429671764
54387700.74917332
54387698.590111576
54387700.184327565
54387698.59137372
54387698.59137372
54387698.851506434
54387698.40274333
54387698.6131696
54387698.76207191
63160607.49828914
54090708.06322574
54090675.7209721
54090701.08314462
54090706.90433364
54090707.66003206
54090706.60315174
54090753.186162196
54090708.06322574
54090700.53927156
54090712.24652636
54090708.09234388
54090705.99722096
54090708.06322574
54090708.06322574
54090707.31858861
54090708.56417655
54090708.11403389
54090707.944950156
54057578.213888444
54057577.793809496
54057579.49564349
54057578.0636198
54057578.199798636
54057578.183736935
54057578.70114633
54057578.213888444
54057578.30962004
54057580.8944726
54057578.21091833
54057579.714446
54057578.213888444
54057578.213888444
54057578.41448905
54057578.187823385
54057578.23400466
54057578.45013849
53815804.89104785
53815804.01860663
53815805.99240272
53815804.76075417
53815804.87236557
53815804.89710855
53815806.11708715
53815804.89104785
53815804.73740667
53815807.511481404
53815804.8902612
53815806.21060134
53815804.89104785
53815804.89104785
53815805.0516395
53815804.88844179
53815804.9122591
53815805.09155784
53698540.94093163
53698443.56256796
53698516.77340846
53698537.80078993
53698539.72541627
53698536.08035084
53698674.54253794
53698540.94093163
53698518.724957235
53698547.71937955
53698541.02482465
53698531.639512375
53698540.94093163
53698540.94093163
53698538.33625665
53698542.43582151
53698541.04195582
53698540.08280003
53388584.77558142
53388584.12910775
53388585.8350834
53388584.62824926
53388584.73363055
53388584.6771802
53388585.39370112
53388584.77558142
53388585.1735117
53388587.09792794
53388584.764364146
53388586.28674888
53388584.77558142
53388584.77558142
53388584.97631925
53388584.70311812
53388584.78530882
53388584.985443406
53202630.57384474
53202611.51945527
53202627.035309345
53202629.877948426
53202630.344428614
53202629.61672387
53202656.34708568
53202630.57384474
53202626.22560054
53202633.96794642
53202630.60277518
53202629.89846919
53202630.57384474
53202630.57384474
53202630.20607621
53202630.87358372
53202630.620736435
53202630.58383171
53190967.621171035
53190967.37097901
53190968.87789029
53190967.49536575
53190967.61197448
53190967.616343945
53190967.926102564
53190967.621171035
53190967.60425316
53190970.16051567
53190967.63184274
53190968.99796118
53190967.621171035
53190967.621171035
53190967.78781794
53190967.62187682
53190967.65054861
53190967.83140752
53373794.47924546
53142369.896928966
53142364.54724693
53142369.84674562
53142369.62585172
53142369.83060347
53142369.64447467
53142377.06289253
53142369.896928966
53142368.710752726
53142372.63339242
53142369.90845731
53142370.695780106
53142369.896928966
53142369.896928966
53142369.91748221
53142369.9746971
53142369.92745078
53142370.048746936
53141440.507889576
53141440.47362009
53141441.792980686
53141440.396789394
53141440.502862245
53141440.52833119
53141440.537823476
53141440.507889576
53141440.53561052
53141443.004397
53141440.514278024
53141441.87814066
53141440.507889576
53141440.507889576
53141440.6784095
53141440.50168613
53141440.533481136
53141440.71543507
53147942.82641297
53114564.23352136
53114559.81020115
53114564.43573599
53114563.98049902
53114564.17819318
53114564.00667742
53114570.110144675
53114564.23352136
53114563.26077718
53114566.94542727
53114564.24462682
53114565.14136533
53114564.23352136
53114564.23352136
53114564.28355076
53114564.298414335
53114564.263682775
53114564.401415154
53089744.719252884
53089743.27531957
53089745.66116673
53089744.5585668
53089744.70191364
53089744.6507678
53089746.62047028
53089744.719252884
53089744.40412626
53089747.293536104
53089744.7233184
53089745.9327312
53089744.719252884
53089744.719252884
53089744.85010073
53089744.74057958
53089744.74290081
53089744.91902714
53055011.82434351
53055008.95444966
53055012.40331307
53055011.62149509
53055011.78983586
53055011.67943806
53055015.60450896
53055011.82434351
53055011.19910684
53055014.44097422
53055011.82766139
53055012.878088966
53055011.82434351
53055011.82434351
53055011.916291766
53055011.86589756
53055011.84739749
53055012.007976726
53043483.93603858
53043482.05459431
53043484.76123898
53043483.76200754
53043483.91374934
53043483.84198468
53043486.4032237
53043483.93603858
53043483.528215975
53043486.51179476
53043483.93809877
53043485.09268358
53043483.93603858
53043483.93603858
53043484.055294596
53043483.96334535
53043483.95789888
53043484.13091599
53026636.96795678
53026635.311783575
53026637.8487267
53026636.79943497
53026636.948453784
53026636.88368173
53026639.13052319
53026636.96795678
53026636.61102043
53026639.532696225
53026636.969508514
53026638.14599498
53026636.96795678
53026636.96795678
53026637.09392435
53026636.9920035
53026636.9893609
53026637.165802985
53012407.68360834
53012406.06307809
53012408.572638735
53012407.51490276
53012407.66443839
53012407.599757075
53012409.79295987
53012407.68360834
53012407.3359662
53012410.245709755
53012407.685019314
53012408.86248471
53012407.68360834
53012407.68360834
53012407.81120318
53012407.70705008
53012407.70492804
53012407.88215035
53001515.24030141
53001513.7750566
53001516.1671597
53001515.07499311
53001515.2229613
53001515.1638716
53001517.14099877
53001515.24030141
53001514.92753801
53001517.7963418
53001515.24155033
53001516.432631485
53001515.24030141
53001515.24030141
53001515.37274531
53001515.26143184
53001515.26152641
53001515.44083585
52991888.81029981
52991887.34019634
52991889.73594903
52991888.64353844
52991888.79294574
52991888.73269192
52991890.712250374
52991888.81029981
52991888.49762754
52991891.367431805
52991888.81154265
52991889.999606185
52991888.81029981
52991888.81029981
52991888.943270884
52991888.83145805
52991888.83159217
52991889.011204064
52984184.38715886
52984183.08694644
52984185.35372931
52984184.224202484
52984184.37186583
52984184.31816762
52984186.0640715
52984184.38715886
52984184.11189287
52984186.93870996
52984184.38825695
52984185.59130943
52984184.38715886
52984184.38715886
52984184.525328055
52984184.40582948
52984184.40838356
52984184.590235494
52976823.660676174
52976822.3195901
52976824.61721702
52976823.49521048
52976823.64497695
52976823.58868276
52976825.38637149
52976823.660676174
52976823.37752548
52976826.21514267
52976823.6618059
52976824.85807762
52976823.660676174
52976823.660676174
52976823.798384994
52976823.6798977
52976823.68201038
52976823.863744326
52970964.5807078
52970963.45023839
52970965.587054044
52970964.420276895
52970964.567528136
52970964.51983197
52970966.031399235
52970964.5807078
52970964.3431352
52970967.128139615
52970964.581660934
52970965.796756946
52970964.5807078
52970964.5807078
52970964.72464101
52970964.59687688
52970964.60194303
52970964.78631463
343481590.1266293
52964336.30843909
52964334.98603278
52964337.26892332
52964336.1410106
52964336.29308118
52964336.23635842
52964338.00219333
52964336.30843909
52964336.03072168
52964338.86504672
52964336.30971676
52964337.502298586
52964336.30843909
52964336.30843909
52964336.44789378
52964336.32728259
52964336.33006484
52964336.51240882
52960366.113174215
52960365.228455186
52960367.176056236
52960365.9575084
52960366.10298806
52960366.065012306
52960367.24383711
52960366.113174215
52960365.9286547
52960368.6538621
52960366.11396171
52960367.34825922
52960366.113174215
52960366.113174215
52960366.26480046
52960366.12580485
52960366.13439655
52960366.32203087
52955187.950544156
52955186.7215376
52955188.93186657
52955187.783522695
52955187.93637419
52955187.882492155
52955189.51798584
52955187.950544156
52955187.69400228
52955190.505571716
52955187.951714434
52955189.148417085
52955187.950544156
52955187.950544156
52955188.09363138
52955187.967982665
52955187.97221313
52955188.15611933
52951923.35858745
52951922.6544579
52951924.46115294
52951923.20576403
52951923.35060575
52951923.31962758
52951924.25641861
52951923.35858745
52951923.2126623
52951925.89479109
52951923.35919115
52951924.605596416
52951923.35858745
52951923.35858745
52951923.51608419
52951923.36864578
52951923.37978182
52951923.56995258
52947939.815334804
52947938.64916703
52947940.809643514
52947939.64780877
52947939.80202936
52947939.74952237
52947941.296610445
52947939.815334804
52947939.57324569
52947942.36965307
52947939.81631016
52947941.01380425
52947939.815334804
52947939.815334804
52947939.961209714
52947939.83183292
52947939.836970195
52947940.02220134
52946148.39810092
52946147.89644769
52946149.54416938
52946148.547152616
52946148.392422274
52946148.37003653
52946149.03900946
52946148.39810092
52946148.29475525
52946150.92820026
52946148.39852519
52946149.658996
52946148.39810092
52946148.39810092
52946148.56186664
52946148.4052678
52946148.41925096
52946148.611921035
52943105.13850616
52943103.95283977
52943106.12686827
52943105.30865483
52943105.12509248
52943105.07058327
52943106.638992354
52943105.13850616
52943104.89342376
52943107.69519127
52943105.13949187
52943106.33010998
52943105.13850616
52943105.13850616
52943105.28483775
52943105.15522551
52943105.16028133
52943105.34567938
52942189.55397884
52942189.1941813
52942190.72922939
52942189.70087176
52942189.54996224
52942189.53351384
52942190.01698934
52942189.55397884
52942189.48003525
52942192.08049817
52942189.55428346
52942190.823201604
52942189.55397884
52942189.55397884
52942189.72226679
52942189.559169434
52942189.57513084
52942189.76963747
52940244.14370544
52940243.16513538
52940245.17699488
52940244.309608236
52940244.1326375
52940244.08705447
52940245.38093221
52940244.14370544
52940243.942275986
52940246.69359826
52940244.1445221
52940245.35033332
52940244.14370544
52940244.14370544
52940244.29629948
52940244.15745833
52940244.16542734
52940244.35325991
52939721.81860196
52939721.618511595
52939723.02658147
52939721.96266213
52939721.816412725
52939721.80695283
52939722.083286546
52939721.81860196
52939721.77743208
52939724.34064559
52939721.818773456
52939723.09798859
52939721.81860196
52939721.81860196
52939721.99177055
52939721.821581006
52939721.8397315
52939722.036189236
52938641.27685327
52938640.443152905
52938642.34037748
52938641.44017632
52938641.26740157
52938641.228072815
52938642.33116529
52938641.27685327
52938641.105787426
52938643.82215652
52938641.277552694
52938642.49262161
52938641.27685327
52938641.27685327
52938641.43396426
52938641.28853337
52938641.29856223
52938641.48809057
52938450.50423809
52938450.424068324
52938451.73592021
52938450.64639378
52938450.503435
52938450.499234796
52938450.621683285
52938450.50423809
52938450.48731375
52938453.023185655
52938450.50430826
52938451.79046817
52938450.50423809
52938450.50423809
52938450.681112096
52938450.50558524
52938450.52536159
52938450.72330626
52938246.62975525
52938246.50261921
52938247.84941592
52938246.77360151
52938246.628225006
52938246.62210544
52938246.80642218
52938246.62975525
52938246.60344814
52938249.14976482
52938246.62987457
52938247.90983766
52938246.62975525
52938246.62975525
52938246.805594295
52938246.6316668
52938246.65094866
52938246.848183215
52938044.10596796
52938043.87598907
52938045.301227815
52938044.25337145
52938044.10324935
52938044.092171155
52938044.41105693
52938044.10596796
52938044.058521
52938046.629915684
52938044.10617152
52938045.37429247
52938044.10596796
52938044.10596796
52938044.279381044
52938044.109268636
52938044.12728122
52938044.323409505
52938015.45421637
52938015.38939078
52938016.68592828
52938015.597083956
52938015.453422055
52938015.450016335
52938015.55496668
52938015.45421637
52938015.44020126
52938017.972610086
52938015.45427917
52938016.737569876
52938015.45421637
52938015.45421637
52938015.63197261
52938015.45526557
52938015.47540469
52938015.67341081
52938012.11957855
52938012.06135957
52938013.352658086
52938012.26227876
52938012.118848234
52938012.11577136
52938012.21221282
52938012.11957855
52938012.10690964
52938014.63769806
52938012.1196363
52938013.40343549
52938012.11957855
52938012.11957855
52938012.29751765
52938012.12053122
52938012.14076349
52938012.33883013
52937995.747626945
52937995.71762986
52937996.98635673
52937995.88966698
52937995.74716092
52937995.745498225
52937995.80574156
52937995.747626945
52937995.74067231
52937998.26456318
52937995.74766337
52937997.03338993
52937995.747626945
52937995.747626945
52937995.92637086
52937995.74815993
52937995.76880121
52937995.96711701
52937994.18149097
52937994.157317705
52937995.42145581
52937994.32338905
52937994.181092866
52937994.17969775
52937994.23244849
52937994.18149097
52937994.17570016
52937996.69824128
52937994.18152232
52937995.46771641
52937994.18149097
52937994.18149097
52937994.36039447
52937994.18194385
52937994.20266187
52937994.40104464
52937990.24532656
52937990.23839126
52937991.48890301
52937990.386825964
52937990.24513598
52937990.244517826
52937990.2751494
52937990.24532656
52937990.24294027
52937992.761560716
52937990.24534223
52937991.53284612
52937990.24532656
52937990.24532656
52937990.42470936
52937990.24554252
52937990.26648835
52937990.46507681
52937989.512620054
52937989.51824129
52937990.758870974
52937989.65380887
52937989.51259156
52937989.51252375
52937989.52704358
52937989.512620054
52937989.51264118
52937992.028488606
52937989.51262304
52937990.80110055
52937989.512620054
52937989.512620054
52937989.69234283
52937989.51266029
52937989.533773266
52937989.7325176
52937989.50705657
52937989.514594644
52937990.753726944
52937989.64818254
52937989.50705699
52937989.50706933
52937989.519137375
52937989.50705657
52937989.507388815
52937992.022854485
52937989.507056855
52937990.79567227
52937989.50705657
52937989.50705657
52937989.686826006
52937989.507064536
52937989.52820729
52937989.72697444
